C
M 0 0 0 0
M 1 90 0 0
E 0 0 0 0 2 0 1

C
M 1 60 0 0
M 0 0 0 0
E 0 0 0 0 2 0 1

C
M 1 30 0 0
M 0 0 0 0
E 0 0 0 0 2 0 1

C
M 0 0 0 0
M 1 0 0 0
E 0 0 0 0 2 0 1

C
M 1 -30 0 0
M 0 0 0 0
E 0 0 0 0 2 0 1

C
M 1 -60 0 0
M 0 0 0 0
E 0 0 0 0 2 0 1

C
M 0 0 0 0
M 1 -90 0 0
E 0 0 0 0 2 0 1

C
M 1 -90 -30 0
M 0 0 0 0
E 0 0 0 0 2 0 1

C
M 1 -90 -60 0
M 0 0 0 0
E 0 0 0 0 2 0 1

C
M 0 0 0 0
M 1 -90 -90 0
E 0 0 0 0 2 0 1

C
M 0 0 0 0
M 1 -90 -90 0
E 0 0 0 0 2 0 1
E 0 1 1 0 2 1 1

C
M 0 0 0 0
M 1 -90 -90 0
E 0 1 1 0 2 1 1

C
M 1 -60 -90 0
M 0 0 0 0
E 0 1 1 0 2 1 1

C
M 1 -30 -90 0
M 0 0 0 0
E 0 1 1 0 2 1 1

C
M 0 0 0 0
M 1 0 -90 0
E 0 1 1 0 2 1 1

C
M 1 0 -60 0
M 0 0 0 0
E 0 1 1 0 2 1 1

C
M 1 0 -30 0
M 0 0 0 0
E 0 1 1 0 2 1 1

C
M 0 0 0 0
M 1 0 0 0
E 0 1 1 0 2 1 1

C
M 1 0 30 0
M 0 0 0 0
E 0 1 1 0 2 1 1

C
M 1 0 60 0
M 0 0 0 0
E 0 1 1 0 2 1 1

C
M 0 0 0 0
M 1 0 90 0
E 0 1 1 0 2 1 1
