r 7.74 -0.56 0.31 0 0 0
r 1.9 5.71 -0.51 0 0 0
r 1.8 3.42 1.82 0 0 0
r 6.81 -0.4 0.54 0 0 0
r 5.38 -2.83 -0.26 0 0 0
r 2.65 -1.66 -3.01 0 0 0
r 2.75 -2.79 2.83 0 0 0
r 0.05 2.66 3.86 0 0 0
r 7.84 -0.95 0.11 0 0 0
r -6.41 0.38 2.16 0 0 0
r 4.58 1.57 0.87 0 0 0
r -6.53 0.7 -0.98 0 0 0
r -5.45 3.32 0.12 0 0 0
r 2.35 5.99 -0.19 0 0 0
r 1.28 1.74 2.49 0 0 0
r -7.75 -0.65 -0.21 0 0 0
r -7.85 -0.25 0.52 0 0 0
r 0.31 5.89 1.88 0 0 0
r 7.51 0.73 -0.18 0 0 0
r 2.83 5.59 0.28 0 0 0
r 7.93 0.85 -0.03 0 0 0
r -2.96 3.09 -0.01 0 0 0
r -6.98 -0.54 -0.26 0 0 0
r -5.2 -3.33 0.2 0 0 0
r 8.75 -0.11 -0.1 0 0 0
r 3.88 1.44 -1.51 0 0 0
r 4.31 1.8 -0.17 0 0 0
r 3.56 -3.01 1.43 0 0 0
r 1.24 5.92 -1.5 0 0 0
r 7.16 -0.77 0.56 0 0 0
r -0.15 -3.64 -4.43 0 0 0
r 1.37 3.22 3.8 0 0 0
r 3.19 2.6 0.77 0 0 0
r -6.54 -1.89 -0.49 0 0 0
r -0.4 8.47 -0.04 0 0 0
r -3.89 0.38 -2.6 0 0 0
r -0.76 -0.52 -0.77 0 0 0
r -2.77 3.09 2.75 0 0 0
r 4.52 0.51 1.3 0 0 0
r -3.64 2.66 -1.7 0 0 0
r 3.02 5.04 -0.76 0 0 0
r 4.17 4.31 0.38 0 0 0
r 0.06 7.02 -1.36 0 0 0
r -4.34 1.64 -2.52 0 0 0
r -3.21 4.43 1.29 0 0 0
r 7.32 -0.34 -0.44 0 0 0
r 4.73 -0.08 -1.8 0 0 0
r 8.53 -0.23 -0.14 0 0 0
r -7.86 -0.33 -0.59 0 0 0
r 7.04 -0.48 -0.67 0 0 0
r 2.78 -1.89 3.55 0 0 0
r -2.15 -3.28 -1.34 0 0 0
r -1.93 5.14 1.11 0 0 0
r 5.63 1.02 -0.4 0 0 0
r 1.77 -6.29 0.67 0 0 0
r 7.78 0.72 0.3 0 0 0
r -5.83 1.93 0.37 0 0 0
r 0.21 -0.62 4.45 0 0 0
r 7.61 0.84 0.2 0 0 0
r 8.7 0.24 0.05 0 0 0
r 6.13 -0.55 0.9 0 0 0
r 6.18 2.49 0.3 0 0 0
r 6.56 2.37 -0.04 0 0 0
r -7.6 -0.58 -0.23 0 0 0
r -1.5 1.63 3.56 0 0 0
r 0.47 -6.68 -1.18 0 0 0
r 1.31 -1.66 -3.13 0 0 0
r 3.47 2.69 0.32 0 0 0
r 7.92 -0.79 -0.26 0 0 0
r 5.99 -1.11 0.21 0 0 0
r -5.24 0.31 -1.19 0 0 0
r -2.95 -5.08 -0.85 0 0 0
r -7.75 0.85 -0.09 0 0 0
r 5.2 -3.07 -0.03 0 0 0
r -0.06 1.3 1.27 0 0 0
r 2.05 3.35 2.8 0 0 0
r -5.25 1.42 -0.42 0 0 0
r -2.49 5.11 -0.81 0 0 0
r -3.81 -1.35 -0.34 0 0 0
r -1.92 3.34 3.67 0 0 0
r 0.58 3.99 1.33 0 0 0
r 7.54 -0.88 -0.42 0 0 0
r 0.02 0.74 -4.43 0 0 0
r 2.66 3.07 -0.76 0 0 0
r 7.33 1.25 -0.37 0 0 0
r 2.15 6.17 -0.4 0 0 0
r 7.42 -1.08 -0.37 0 0 0
r -5.53 3.4 0.03 0 0 0
r 8.85 -0.08 0.06 0 0 0
r 6.66 -0.35 -1.38 0 0 0
r -5.17 1.38 1.69 0 0 0
r -3.19 1.56 -0.62 0 0 0
r 6.3 1.98 0.47 0 0 0
r -3.95 -3.45 -0.58 0 0 0
r 4.83 3.51 -0.29 0 0 0
r -4.83 -2.23 0.69 0 0 0
r -0.74 6.7 -0.89 0 0 0
r -2.48 0.98 1.68 0 0 0
r -6.82 -1.64 -0.27 0 0 0
r 5.96 2.59 -0.28 0 0 0
r 6.68 -0.09 0.71 0 0 0
r 5.56 2.39 -0.2 0 0 0
r 6.2 2.52 -0.1 0 0 0
r 2.32 -5.02 -0.65 0 0 0
r -4.16 2.81 0.93 0 0 0
r -6.33 1.29 -0.41 0 0 0
r 3.7 1.62 -2.22 0 0 0
r 6.67 1.04 0.59 0 0 0
r 3.45 0.72 2.41 0 0 0
r -5.98 -1.91 0.06 0 0 0
r 4.75 -1.73 -0.59 0 0 0
r 6.79 -1.72 0.07 0 0 0
r -6.78 -0.24 1.16 0 0 0
r -6.82 1.23 0.83 0 0 0
r 2.78 -3.44 -1.9 0 0 0
r -1.95 -3.11 -2.03 0 0 0
r -2.86 -4.17 1.83 0 0 0
r -4.35 -3.88 0.26 0 0 0
r -1.98 -2.55 -3.17 0 0 0
r -0.88 1.32 4.0 0 0 0
r -1.9 -4.89 0.52 0 0 0
r -7.53 1.34 -0.09 0 0 0
r -7.63 0.03 0.76 0 0 0
r 1.48 -5.1 -0.43 0 0 0
r -1.93 3.79 2.52 0 0 0
r 6.19 -2.15 -0.05 0 0 0
r 3.12 2.75 1.65 0 0 0
r 2.89 5.8 0.0 0 0 0
r 2.83 3.4 -1.02 0 0 0
r 2.86 2.71 -1.0 0 0 0
r -7.29 -0.98 -0.5 0 0 0
r -5.78 0.28 0.07 0 0 0
r 0.41 -0.22 1.45 0 0 0
r 6.68 -1.88 0.12 0 0 0
r 2.73 -5.22 -0.82 0 0 0
r -5.54 -2.28 0.1 0 0 0
r -1.16 -6.54 -0.3 0 0 0
r 0.24 2.42 -3.87 0 0 0
r 3.43 -2.3 2.7 0 0 0
r -2.15 -1.3 -0.75 0 0 0
r 3.65 3.92 0.54 0 0 0
r 7.78 0.92 0.27 0 0 0
r -5.85 2.96 0.1 0 0 0
r 5.13 2.54 1.31 0 0 0
r -1.39 2.25 -0.51 0 0 0
r -6.34 -1.16 0.7 0 0 0
r 1.59 0.0 -3.15 0 0 0
r -7.04 1.72 0.15 0 0 0
r 0.78 -0.28 -3.55 0 0 0
r 2.45 2.83 0.65 0 0 0
r 7.25 -0.99 -0.57 0 0 0
r 8.08 0.09 0.44 0 0 0
r -6.12 0.42 0.84 0 0 0
r -4.51 2.38 -1.41 0 0 0
r 8.83 -0.1 0.0 0 0 0
r -1.86 -5.91 -0.72 0 0 0
r 6.15 -2.37 -0.08 0 0 0
r -3.75 0.61 -0.28 0 0 0
r 0.75 -0.92 2.45 0 0 0
r -2.1 -1.34 -4.17 0 0 0
r -0.16 -1.52 2.54 0 0 0
r -0.2 3.16 0.42 0 0 0
r -2.08 6.63 -0.24 0 0 0
r 3.44 -0.59 -1.42 0 0 0
r 6.46 1.89 0.54 0 0 0
r 5.76 3.16 0.04 0 0 0
r 4.98 2.85 0.97 0 0 0
r -4.22 0.28 -3.03 0 0 0
r -1.82 -0.52 1.5 0 0 0
r 0.76 8.15 0.08 0 0 0
r -2.82 2.18 -0.21 0 0 0
r -5.75 0.72 -0.34 0 0 0
r 8.65 -0.09 0.18 0 0 0
r -3.28 -4.05 -0.85 0 0 0
r 5.84 1.22 -1.42 0 0 0
r -3.85 1.9 -1.23 0 0 0
r 0.49 4.89 -0.6 0 0 0
r -6.43 1.87 0.34 0 0 0
r -7.57 -1.12 -0.28 0 0 0
r -0.32 2.31 2.64 0 0 0
r -7.45 0.01 -1.3 0 0 0
r 5.1 1.11 2.36 0 0 0
r -4.01 -3.87 -0.45 0 0 0
r -2.71 -4.26 1.06 0 0 0
r 4.6 -2.87 -0.11 0 0 0
r 5.79 1.12 0.99 0 0 0
r -3.44 5.27 0.15 0 0 0
r -4.4 1.31 -2.84 0 0 0
r 5.93 1.52 -0.04 0 0 0
r 6.7 -0.35 0.66 0 0 0
r 8.52 -0.17 -0.28 0 0 0
r 4.66 0.33 1.41 0 0 0
r 3.52 -4.27 1.19 0 0 0
r -7.92 0.05 -0.85 0 0 0
r -6.33 0.95 1.37 0 0 0
r 3.08 -1.48 3.49 0 0 0
r -6.68 -0.63 0.35 0 0 0
r 6.09 -0.67 -1.23 0 0 0
r -0.04 6.58 1.37 0 0 0
r 4.99 1.81 -0.19 0 0 0
r -2.87 -3.58 -1.28 0 0 0
r -3.83 3.29 -0.34 0 0 0
r 7.04 0.16 -1.59 0 0 0
r 4.07 -0.23 -0.45 0 0 0
r 5.61 0.45 -0.89 0 0 0
r 8.35 0.47 -0.11 0 0 0
r 5.61 -1.04 -1.3 0 0 0
r -3.01 -4.92 -0.25 0 0 0
r 1.88 -4.3 1.35 0 0 0
r 3.13 0.49 -0.68 0 0 0
r 7.83 0.15 -0.43 0 0 0
r -0.99 -0.79 -1.42 0 0 0
r -6.75 -1.33 0.1 0 0 0
r -4.9 -0.03 -0.04 0 0 0
r 7.87 -0.84 -0.02 0 0 0
r -1.27 -0.27 3.2 0 0 0
r -4.14 2.59 -1.58 0 0 0
r -4.58 3.63 -0.57 0 0 0
r -2.73 -2.95 -0.84 0 0 0
r 7.94 -0.72 0.03 0 0 0
r -7.47 -0.98 0.42 0 0 0
r -2.82 2.53 -2.19 0 0 0
r 1.87 -2.68 3.1 0 0 0
r -1.64 0.45 -1.93 0 0 0
r -3.6 -3.16 2.21 0 0 0
r 3.25 -4.59 -0.43 0 0 0
r 0.49 3.53 -1.84 0 0 0
r 2.3 2.19 0.41 0 0 0
r 8.47 0.12 -0.25 0 0 0
r 7.44 1.01 -0.47 0 0 0
r 0.48 0.9 -0.6 0 0 0
r 4.65 -0.12 3.45 0 0 0
r 1.82 -4.3 0.85 0 0 0
r 3.83 2.34 -2.27 0 0 0
r -7.27 -0.1 1.11 0 0 0
r 3.81 -2.12 -1.88 0 0 0
r -6.46 2.21 0.14 0 0 0
r 3.69 -1.83 3.34 0 0 0
r 4.74 3.22 0.37 0 0 0
r 7.83 -0.05 0.63 0 0 0
r -3.9 -2.12 -1.19 0 0 0
r 6.4 -0.07 1.83 0 0 0
r 5.44 -1.52 1.95 0 0 0
r 3.32 -2.96 -2.07 0 0 0
r -5.23 2.38 -0.83 0 0 0
r -1.22 -0.03 -2.9 0 0 0
r -5.32 -1.23 -1.6 0 0 0
r 1.94 0.92 -0.8 0 0 0
r -6.45 -2.01 -0.45 0 0 0
r 4.19 -1.29 0.24 0 0 0
r 3.85 -1.83 -0.17 0 0 0
r -6.55 -1.83 0.41 0 0 0
r 8.86 -0.09 -0.01 0 0 0
r 4.74 3.16 -0.23 0 0 0
r 3.56 0.42 -3.11 0 0 0
r 4.49 3.37 -0.13 0 0 0
r -2.42 1.79 0.43 0 0 0
r -6.8 1.87 -0.04 0 0 0
r 4.16 -0.81 -1.59 0 0 0
r -6.48 0.07 -1.15 0 0 0
r 1.33 6.77 -0.35 0 0 0
r 1.37 6.78 -0.21 0 0 0
r 3.51 1.18 1.58 0 0 0
r 8.85 -0.12 -0.03 0 0 0
r 5.43 1.64 1.56 0 0 0
r 2.65 0.21 -0.75 0 0 0
r -3.77 4.88 -0.12 0 0 0
r 1.35 3.39 0.38 0 0 0
r -4.47 1.2 -1.67 0 0 0
r -6.41 0.17 0.63 0 0 0
r 3.93 4.23 0.05 0 0 0
r 5.56 2.3 0.6 0 0 0
r 0.1 1.12 -1.66 0 0 0
r -5.05 2.92 -0.2 0 0 0
r -0.14 -2.04 5.9 0 0 0
r -3.83 -3.39 1.7 0 0 0
r -3.85 4.77 -0.31 0 0 0
r 0.6 4.46 0.9 0 0 0
r -7.65 0.51 0.35 0 0 0
r 8.76 0.02 0.08 0 0 0
r 8.24 0.27 -0.09 0 0 0
r -2.5 -1.82 -2.28 0 0 0
r -5.56 1.56 1.1 0 0 0
r -2.02 6.33 0.08 0 0 0
r 8.57 0.22 -0.17 0 0 0
r -7.36 -0.11 -0.17 0 0 0
r 4.73 0.05 0.03 0 0 0
r -6.55 -0.82 0.39 0 0 0
r 0.64 -4.12 2.88 0 0 0
r -3.0 3.43 -1.71 0 0 0
r 3.23 1.52 0.09 0 0 0
r -3.64 -2.82 -2.14 0 0 0
r 4.35 4.5 0.07 0 0 0
r 3.02 -4.35 0.14 0 0 0
r -4.24 4.02 -0.36 0 0 0
r 0.56 -4.11 2.17 0 0 0
r 8.46 0.02 -0.03 0 0 0
r -7.17 -0.66 0.13 0 0 0
r -5.31 -1.18 -1.09 0 0 0
r -3.3 2.09 2.81 0 0 0
r 7.64 0.96 -0.14 0 0 0
r -1.45 2.96 3.84 0 0 0
r -2.19 -4.76 1.41 0 0 0
r 5.6 -0.43 -1.12 0 0 0
r 3.63 -2.51 0.9 0 0 0
r 6.5 0.17 -0.38 0 0 0
r -7.97 -0.1 -0.45 0 0 0
r -2.27 -0.93 3.13 0 0 0
r 6.46 2.45 0.07 0 0 0
r 1.07 -0.76 -5.91 0 0 0
r -6.44 2.16 0.18 0 0 0
r 0.67 -6.1 0.89 0 0 0
r -6.55 -1.12 0.76 0 0 0
r 7.83 1.1 0.07 0 0 0
r 0.09 6.65 0.95 0 0 0
r 4.24 2.76 -0.78 0 0 0
r 3.3 0.76 -0.58 0 0 0
r 8.87 -0.04 0.0 0 0 0
r -7.97 0.16 0.35 0 0 0
r 6.92 -0.19 1.11 0 0 0
r 3.95 -0.44 -2.94 0 0 0
r 1.72 1.0 -3.15 0 0 0
r 5.96 -1.18 -0.54 0 0 0
r 2.19 -1.54 -3.71 0 0 0
r -4.5 -3.64 0.67 0 0 0
r -7.26 -1.36 -0.08 0 0 0
r 0.98 6.93 0.69 0 0 0
r -3.0 4.0 -0.72 0 0 0
r 3.32 -1.02 0.49 0 0 0
r -6.05 2.42 0.46 0 0 0
r 5.83 0.6 1.65 0 0 0
r -6.57 0.93 0.78 0 0 0
r 5.68 -1.52 1.48 0 0 0
r 6.0 -0.48 2.18 0 0 0
r -4.88 -2.36 0.66 0 0 0
r -2.92 -4.43 -0.15 0 0 0
r -6.38 -0.39 0.37 0 0 0
r -4.21 -3.14 1.1 0 0 0
r 2.66 -0.14 -2.36 0 0 0
r 5.31 -1.45 -1.91 0 0 0
r -2.67 -2.06 4.2 0 0 0
r -7.88 0.01 -0.13 0 0 0
r 7.07 0.76 -0.54 0 0 0
r -3.35 0.7 0.95 0 0 0
r 6.8 2.08 0.08 0 0 0
r 8.16 -0.32 0.31 0 0 0
r 7.2 0.3 -0.57 0 0 0
r 5.15 3.09 -0.34 0 0 0
r -3.62 4.94 0.23 0 0 0
r -6.0 1.67 0.61 0 0 0
r -5.16 -3.05 -0.23 0 0 0
r -4.98 3.09 -0.05 0 0 0
r 3.52 1.53 -0.66 0 0 0
r -2.36 3.17 -2.99 0 0 0
r 1.53 -5.96 0.19 0 0 0
r -0.74 -0.12 1.78 0 0 0
r -0.76 -4.42 -2.71 0 0 0
r -7.28 0.83 -0.31 0 0 0
r -7.08 -1.01 0.79 0 0 0
r 3.3 4.07 0.35 0 0 0
r 1.67 6.24 0.3 0 0 0
r 0.73 -3.31 4.64 0 0 0
r -0.52 2.54 -4.99 0 0 0
r -4.19 -4.11 -0.48 0 0 0
r -2.75 4.61 1.5 0 0 0
r -6.1 1.12 -1.04 0 0 0
r 2.61 -5.13 -0.3 0 0 0
r 6.93 0.52 1.26 0 0 0
r -4.02 0.93 -2.7 0 0 0
r 1.93 -4.4 -1.91 0 0 0
r 6.44 -1.08 -1.28 0 0 0
r -7.99 0.9 -0.1 0 0 0
r 3.86 -0.2 1.14 0 0 0
r 6.7 1.05 -0.53 0 0 0
r 0.05 5.03 -1.09 0 0 0
r 5.04 -3.33 -0.3 0 0 0
r -3.84 4.93 0.17 0 0 0
r -1.88 -0.97 2.38 0 0 0
r -0.89 -5.85 1.6 0 0 0
r -0.78 6.63 0.33 0 0 0
r -7.37 0.73 -0.3 0 0 0
r 3.16 -2.48 2.06 0 0 0
r -4.62 0.14 0.41 0 0 0
r 6.65 -1.63 -0.55 0 0 0
r -6.17 0.88 -0.77 0 0 0
r -0.2 -4.64 0.71 0 0 0
r -2.02 3.91 -1.8 0 0 0
r -3.16 -1.64 1.63 0 0 0
r 8.78 0.12 0.01 0 0 0
r -1.18 -4.97 -2.54 0 0 0
r -1.38 -3.67 -2.52 0 0 0
r 8.64 -0.02 -0.09 0 0 0
r 3.34 4.7 0.47 0 0 0
r 8.38 -0.34 0.05 0 0 0
r 6.57 -1.46 0.75 0 0 0
r 2.3 4.73 -1.26 0 0 0
r -4.28 1.54 3.06 0 0 0
r -1.52 3.48 2.14 0 0 0
r 0.82 1.76 -0.35 0 0 0
r -6.75 1.79 -0.2 0 0 0
r 5.87 0.52 -1.31 0 0 0
r 4.2 1.55 -2.47 0 0 0
r 4.41 -3.16 0.09 0 0 0
r 8.43 0.06 0.17 0 0 0
r -2.54 4.34 -0.39 0 0 0
r -1.28 0.03 -3.82 0 0 0
r 4.14 -1.6 -2.27 0 0 0
r 2.93 -1.97 -1.63 0 0 0
r 8.58 -0.12 0.14 0 0 0
r 6.1 2.01 0.63 0 0 0
r 3.0 3.01 2.66 0 0 0
r 0.92 4.24 0.51 0 0 0
r 0.29 3.13 2.99 0 0 0
r -4.81 1.94 2.1 0 0 0
r -1.9 2.75 -2.82 0 0 0
r 2.58 -5.57 0.63 0 0 0
r 5.43 -2.69 -0.08 0 0 0
r -0.93 1.43 4.16 0 0 0
r -3.99 2.31 0.55 0 0 0
r 3.7 -2.68 -1.02 0 0 0
r 7.88 0.4 0.29 0 0 0
r 5.86 0.15 0.7 0 0 0
r -4.73 3.64 0.56 0 0 0
r 1.67 -2.14 -4.36 0 0 0
r -0.81 -3.49 3.53 0 0 0
r -4.26 0.11 4.05 0 0 0
r 6.55 1.82 -0.01 0 0 0
r 6.55 -1.39 -0.77 0 0 0
r -6.84 2.01 -0.05 0 0 0
r 2.33 4.55 0.15 0 0 0
r 3.78 1.53 -2.27 0 0 0
r 2.58 -2.83 3.16 0 0 0
r 6.93 1.15 0.47 0 0 0
r -5.79 2.34 0.81 0 0 0
r -2.3 2.16 -2.46 0 0 0
r 3.64 1.96 -0.23 0 0 0
r -2.09 6.49 0.21 0 0 0
r -3.71 -0.43 -0.97 0 0 0
r 3.1 3.32 1.07 0 0 0
r -7.45 -0.99 0.44 0 0 0
r 3.2 3.13 2.14 0 0 0
r -0.37 -0.11 4.7 0 0 0
r -4.51 3.0 -0.32 0 0 0
r 5.57 0.55 -1.38 0 0 0
r -6.72 -0.52 -0.84 0 0 0
r -6.14 -2.13 -0.49 0 0 0
r -6.66 -2.07 0.17 0 0 0
r 6.07 -1.2 1.67 0 0 0
r 3.92 1.87 0.42 0 0 0
r 3.67 -4.54 0.41 0 0 0
r 6.61 1.82 -0.03 0 0 0
r -1.59 -2.78 2.87 0 0 0
r -7.7 -1.08 0.05 0 0 0
r -0.06 -1.1 5.83 0 0 0
r -1.23 4.2 3.26 0 0 0
r 3.55 3.79 1.23 0 0 0
r 2.53 -4.32 0.99 0 0 0
r -0.86 6.7 0.25 0 0 0
r 2.56 2.05 3.55 0 0 0
r 8.47 -0.27 -0.02 0 0 0
r -5.04 0.36 -1.12 0 0 0
r -3.89 -2.57 0.86 0 0 0
r 2.3 0.19 0.78 0 0 0
r 4.01 -3.47 -0.28 0 0 0
r -5.23 0.32 -1.14 0 0 0
r 7.93 0.29 -0.61 0 0 0
r 6.37 -1.07 -0.82 0 0 0
r -2.21 2.33 -3.12 0 0 0
r 1.27 4.24 2.84 0 0 0
r -2.96 -0.28 -0.23 0 0 0
r -4.79 -3.26 0.03 0 0 0
r 6.3 -0.04 2.33 0 0 0
r -2.2 1.25 1.2 0 0 0
r 7.62 0.48 -0.43 0 0 0
r 0.53 -6.6 -1.4 0 0 0
r 7.76 0.62 -0.3 0 0 0
r 1.0 4.87 -0.46 0 0 0
r -3.06 2.5 -1.13 0 0 0
r 8.01 0.22 0.52 0 0 0
r 8.49 0.42 -0.01 0 0 0
r 6.77 -0.65 0.08 0 0 0
r 7.07 1.88 0.02 0 0 0
r 1.31 -4.41 -1.71 0 0 0
r 6.61 0.0 -0.09 0 0 0
r -6.33 -1.81 0.15 0 0 0
r 4.09 -1.55 0.46 0 0 0
r -5.38 3.0 0.43 0 0 0
r -1.65 -4.42 2.5 0 0 0
r 3.99 0.18 3.88 0 0 0
r -4.62 4.03 0.22 0 0 0
r 3.54 0.11 0.63 0 0 0
r -5.62 0.79 -2.26 0 0 0
r -2.12 6.11 0.01 0 0 0
r 4.4 -2.97 -0.65 0 0 0
r 0.17 4.78 -0.22 0 0 0
r -6.11 0.06 1.09 0 0 0
r 8.06 0.69 -0.21 0 0 0
r -0.97 4.65 1.32 0 0 0
r -3.22 -1.61 -3.34 0 0 0
r 7.65 -0.64 -0.17 0 0 0
r 3.13 -2.44 2.31 0 0 0
r 7.95 -0.63 0.0 0 0 0
r 6.46 -1.5 -0.62 0 0 0
r 3.03 1.38 -0.16 0 0 0
r 7.17 1.25 0.15 0 0 0
r -6.19 0.16 -2.36 0 0 0
r -3.29 -0.35 1.61 0 0 0
r -1.32 6.58 0.46 0 0 0
r -7.36 1.27 -0.02 0 0 0
r 2.04 -4.47 -0.23 0 0 0
r -3.86 -1.14 -1.58 0 0 0
r 3.49 0.43 1.14 0 0 0
r -4.5 3.7 0.61 0 0 0
r 2.83 -1.38 -3.04 0 0 0
r 6.06 -0.85 -1.28 0 0 0
r -6.86 1.72 0.22 0 0 0
r 5.33 -2.98 0.36 0 0 0
r -5.7 -2.89 -0.21 0 0 0
r 5.17 2.25 -0.38 0 0 0
r 7.08 -0.66 -0.48 0 0 0
r 2.21 -3.36 3.37 0 0 0
r 5.32 1.78 -0.56 0 0 0
r -1.92 5.19 -0.17 0 0 0
r -0.18 -5.24 -1.16 0 0 0
r -4.88 -0.71 2.52 0 0 0
r -4.29 -1.87 -1.7 0 0 0
r -2.34 6.18 0.25 0 0 0
r 3.47 -1.43 1.74 0 0 0
r 5.17 -2.76 0.77 0 0 0
r -2.44 -3.96 1.32 0 0 0
r 6.34 0.46 0.81 0 0 0
r 2.12 -3.17 2.86 0 0 0
r 5.88 1.53 0.32 0 0 0
r -7.55 0.56 0.75 0 0 0
r 8.64 0.34 -0.01 0 0 0
r 1.35 -1.1 -1.14 0 0 0
r -3.83 0.66 -0.16 0 0 0
r -0.33 -2.33 -1.85 0 0 0
r -3.58 4.59 -0.03 0 0 0
r -2.9 -2.55 1.79 0 0 0
r 0.89 1.99 -5.11 0 0 0
r -1.2 5.81 -0.69 0 0 0
r 8.9 -0.08 0.01 0 0 0
r 0.18 1.55 1.39 0 0 0
r 7.74 -0.53 0.23 0 0 0
r 5.88 1.46 -1.29 0 0 0
r -7.77 -0.49 -0.14 0 0 0
r -6.49 -1.77 0.06 0 0 0
r -7.35 0.05 -1.42 0 0 0
r 6.15 -1.76 0.28 0 0 0
r -4.67 3.06 -0.56 0 0 0
r -2.06 0.86 3.85 0 0 0
r -4.02 -2.25 0.43 0 0 0
r -6.17 -1.81 0.6 0 0 0
r -7.1 -1.25 0.51 0 0 0
r 5.01 -1.35 0.61 0 0 0
r -4.06 1.51 0.01 0 0 0
r 8.63 0.33 -0.02 0 0 0
r -0.27 3.69 2.74 0 0 0
r -4.3 -1.65 -0.08 0 0 0
r 5.88 -2.59 0.42 0 0 0
r -0.65 -4.81 -0.52 0 0 0
r -1.88 2.7 3.34 0 0 0
r -5.84 0.44 1.69 0 0 0
r 7.35 1.4 0.24 0 0 0
r 4.94 -0.35 -0.52 0 0 0
r 1.69 -4.97 1.18 0 0 0
r -0.79 -5.37 2.68 0 0 0
r 3.02 3.86 1.82 0 0 0
r 1.23 -4.3 -2.61 0 0 0
r 8.38 -0.46 -0.12 0 0 0
r 1.89 -3.04 3.87 0 0 0
r -3.79 1.59 1.61 0 0 0
r -0.67 5.55 -1.14 0 0 0
r -2.19 1.11 0.37 0 0 0
r 4.4 2.27 1.4 0 0 0
r -6.77 1.43 -0.63 0 0 0
r -7.71 -0.36 -0.06 0 0 0
r -3.86 0.24 -1.69 0 0 0
r 8.43 -0.45 -0.08 0 0 0
r 7.92 0.5 0.04 0 0 0
r -4.01 -1.68 0.35 0 0 0
r 7.27 -0.38 0.91 0 0 0
r -1.38 7.4 0.06 0 0 0
r 0.22 -7.39 -0.25 0 0 0
r -1.54 -0.39 4.3 0 0 0
r -2.93 1.67 -0.86 0 0 0
r -3.14 3.16 1.77 0 0 0
r 2.28 5.6 0.59 0 0 0
r 3.58 2.73 0.92 0 0 0
r -0.67 8.18 -0.05 0 0 0
r 7.88 -0.94 0.08 0 0 0
r 2.09 -0.01 2.92 0 0 0
r -0.84 3.36 4.61 0 0 0
r -7.33 -0.3 -1.04 0 0 0
r -0.67 7.1 -0.4 0 0 0
r 4.24 -2.72 0.72 0 0 0
r -4.01 1.46 0.29 0 0 0
r -3.42 -3.58 0.16 0 0 0
r -4.42 2.1 -0.13 0 0 0
r 5.33 -0.35 1.12 0 0 0
r 2.14 2.46 3.46 0 0 0
r 8.36 -0.53 0.03 0 0 0
r -2.91 -3.63 -0.62 0 0 0
r -2.73 3.97 1.88 0 0 0
r 0.73 6.86 0.54 0 0 0
r -6.9 0.32 0.74 0 0 0
r -1.54 -3.55 3.01 0 0 0
r 7.93 0.68 0.13 0 0 0
r -0.19 -5.66 1.67 0 0 0
r -6.51 0.28 -1.3 0 0 0
r -1.68 -2.87 1.58 0 0 0
r 8.29 0.61 -0.08 0 0 0
r 4.07 -3.52 -0.18 0 0 0
r -3.38 -3.87 -0.41 0 0 0
r -1.8 0.61 -3.4 0 0 0
r 4.46 1.92 -0.21 0 0 0
r -7.4 1.44 0.16 0 0 0
r -5.13 -0.65 0.25 0 0 0
r 6.6 0.99 -0.59 0 0 0
r 4.24 4.69 0.02 0 0 0
r 2.69 -5.4 0.11 0 0 0
r 8.06 -0.13 0.04 0 0 0
r 4.44 -2.39 1.1 0 0 0
r 8.2 -0.21 -0.5 0 0 0
r 4.57 -1.87 -1.12 0 0 0
r -1.62 0.15 -4.54 0 0 0
r 0.24 1.05 -2.59 0 0 0
r -3.77 1.39 -2.08 0 0 0
r 7.89 0.5 -0.38 0 0 0
r -1.92 -3.73 -0.96 0 0 0
r -3.42 5.29 -0.12 0 0 0
r 1.35 1.89 -4.24 0 0 0
r 2.19 -0.89 1.94 0 0 0
r -0.54 7.9 0.01 0 0 0
r -5.79 -1.39 -1.46 0 0 0
r 8.4 0.24 0.28 0 0 0
r -6.96 -0.71 -0.23 0 0 0
r 6.29 -1.64 0.41 0 0 0
r 6.48 2.42 -0.08 0 0 0
r 5.79 0.79 0.26 0 0 0
r -7.15 0.92 0.18 0 0 0
r 2.34 -2.79 1.34 0 0 0
r 7.45 0.23 -0.01 0 0 0
r 6.77 -0.98 0.07 0 0 0
r 8.76 -0.11 -0.11 0 0 0
r -6.06 2.35 -0.48 0 0 0
r 5.2 -1.67 -1.25 0 0 0
r 8.18 0.35 0.09 0 0 0
r -2.15 -2.1 -3.94 0 0 0
r -3.82 -0.32 -0.96 0 0 0
r -4.17 -2.33 0.92 0 0 0
r 8.29 0.52 -0.02 0 0 0
r 2.46 6.03 -0.17 0 0 0
r -2.22 3.9 -1.61 0 0 0
r 2.11 6.74 0.04 0 0 0
r 1.29 -2.46 -3.37 0 0 0
r -1.34 6.83 -0.03 0 0 0
r -2.82 -2.16 -1.46 0 0 0
r 8.06 0.34 -0.39 0 0 0
r -4.84 3.23 -0.65 0 0 0
r 4.44 0.52 3.35 0 0 0
r -6.13 0.33 -0.19 0 0 0
r 0.1 -4.2 4.12 0 0 0
r 4.78 1.86 -1.47 0 0 0
r 0.45 -4.28 -3.0 0 0 0
r -0.16 3.61 -2.7 0 0 0
r -0.2 -6.55 -1.71 0 0 0
r -7.1 -0.9 -0.87 0 0 0
r 6.04 1.27 -0.24 0 0 0
r -7.39 -0.66 -0.46 0 0 0
r -1.62 -0.93 -3.86 0 0 0
r 5.92 -1.69 1.15 0 0 0
r 0.83 2.74 -0.46 0 0 0
r -0.53 1.57 1.35 0 0 0
r 1.01 -3.27 1.06 0 0 0
r 6.18 0.9 -0.12 0 0 0
r 5.39 -1.39 0.14 0 0 0
r 6.1 -2.24 0.62 0 0 0
r 4.93 -0.79 1.24 0 0 0
r -5.01 0.38 -1.4 0 0 0
r -7.49 -0.73 -0.47 0 0 0
r 6.87 -0.94 -0.92 0 0 0
r -2.69 5.65 -0.18 0 0 0
r 5.0 1.68 0.31 0 0 0
r 3.85 -2.87 0.61 0 0 0
r 5.33 -1.61 -1.0 0 0 0
r 5.51 1.43 1.68 0 0 0
r -3.18 -4.08 -0.14 0 0 0
r 1.05 -0.05 1.35 0 0 0
r -7.43 0.07 0.61 0 0 0
r 1.79 -2.1 -3.86 0 0 0
r 0.54 -1.89 3.16 0 0 0
r -7.35 -0.92 -0.62 0 0 0
r -0.45 -5.98 0.01 0 0 0
r -4.3 -2.23 -1.23 0 0 0
r 3.36 -1.7 -1.13 0 0 0
r 8.5 -0.22 -0.05 0 0 0
r 4.97 -2.44 0.4 0 0 0
r 1.31 -2.11 -4.52 0 0 0
r -5.58 3.14 0.25 0 0 0
r 3.2 -3.6 -0.74 0 0 0
r -2.18 2.23 -0.63 0 0 0
r 2.82 -0.64 5.35 0 0 0
r -1.33 -1.36 2.14 0 0 0
r 4.14 -1.28 3.05 0 0 0
r -7.3 -1.32 0.37 0 0 0
r -6.8 0.21 -1.74 0 0 0
r 4.75 1.12 1.54 0 0 0
r 6.16 2.63 -0.08 0 0 0
r 0.0 6.14 1.66 0 0 0
r -4.1 -0.28 -2.91 0 0 0
r 6.99 0.14 0.83 0 0 0
r 0.26 -0.05 5.41 0 0 0
r -6.42 1.81 0.15 0 0 0
r -2.07 -0.87 -2.57 0 0 0
r -3.29 4.68 -0.4 0 0 0
r 7.23 -0.36 0.74 0 0 0
r -5.3 2.62 0.12 0 0 0
r 8.83 0.0 0.0 0 0 0
r -3.06 1.7 -2.78 0 0 0
r 6.92 -0.45 0.22 0 0 0
r 6.41 1.5 0.98 0 0 0
r -4.26 4.01 0.1 0 0 0
r 0.82 -4.36 -3.05 0 0 0
r -0.66 3.84 2.76 0 0 0
r 3.73 1.41 2.02 0 0 0
r 2.1 -1.39 -4.58 0 0 0
r 3.18 -2.16 1.31 0 0 0
r -2.51 5.55 -0.54 0 0 0
r -1.94 -5.32 1.18 0 0 0
r -3.49 4.95 0.05 0 0 0
r 4.38 1.79 -0.84 0 0 0
r -1.06 4.63 1.93 0 0 0
r -3.72 3.81 -0.09 0 0 0
r -3.78 0.12 -4.53 0 0 0
r 7.95 0.54 -0.28 0 0 0
r 2.56 3.77 2.29 0 0 0
r -2.62 0.7 -2.34 0 0 0
r -3.15 2.78 -0.14 0 0 0
r 8.57 -0.06 -0.1 0 0 0
r 6.65 1.04 -1.17 0 0 0
r 7.76 0.86 0.22 0 0 0
r -3.11 1.71 -3.26 0 0 0
r -3.51 2.71 -0.38 0 0 0
r 2.64 1.27 -0.56 0 0 0
r 4.0 3.61 -0.85 0 0 0
r -0.24 2.35 -1.85 0 0 0
r -1.8 3.23 3.6 0 0 0
r 5.94 1.54 -1.1 0 0 0
r 5.9 -2.51 0.13 0 0 0
r -1.64 5.07 -0.45 0 0 0
r -0.43 -5.4 2.92 0 0 0
r 1.6 4.02 1.98 0 0 0
r -1.86 4.89 -1.89 0 0 0
r -7.18 0.19 0.34 0 0 0
r -7.15 0.75 0.67 0 0 0
r 3.11 3.77 2.05 0 0 0
r -2.96 2.43 0.67 0 0 0
r 8.0 -0.87 -0.02 0 0 0
r -0.5 3.94 -0.27 0 0 0
r 3.91 2.18 0.8 0 0 0
r 6.94 -0.66 -0.78 0 0 0
r -3.8 3.73 -0.12 0 0 0
r -5.6 -1.25 1.52 0 0 0
r -3.8 -0.23 1.0 0 0 0
r 0.1 -4.35 -2.96 0 0 0
r 7.88 0.93 0.0 0 0 0
r 4.06 -1.23 1.06 0 0 0
r 7.93 0.63 -0.18 0 0 0
r -4.65 -3.58 0.6 0 0 0
r -7.46 1.06 0.13 0 0 0
r 4.28 -1.19 -1.66 0 0 0
r 8.57 -0.37 0.02 0 0 0
r 6.86 0.43 0.2 0 0 0
r -2.68 4.44 0.84 0 0 0
r 3.94 -1.75 -2.4 0 0 0
r 2.07 -0.18 -3.01 0 0 0
r 6.82 -0.54 -0.85 0 0 0
r -4.8 1.39 -0.59 0 0 0
r -5.53 3.33 -0.05 0 0 0
r 7.95 0.16 0.75 0 0 0
r 3.45 0.09 0.67 0 0 0
r 6.01 1.58 0.54 0 0 0
r -0.68 3.35 2.89 0 0 0
r -7.25 0.05 0.89 0 0 0
r -0.23 -1.59 -2.89 0 0 0
r 0.96 6.12 -0.75 0 0 0
r 3.79 1.38 -0.3 0 0 0
r 3.15 -4.79 0.02 0 0 0
r 5.41 0.16 -1.11 0 0 0
r 5.65 3.16 -0.14 0 0 0
r 3.77 0.1 0.3 0 0 0
r 0.05 -4.26 3.4 0 0 0
r 4.78 2.21 -0.71 0 0 0
r -7.81 0.95 -0.12 0 0 0
r -3.0 -0.2 0.15 0 0 0
r -1.33 5.25 -0.02 0 0 0
r 7.03 -1.16 0.35 0 0 0
r -3.46 -4.05 -0.93 0 0 0
r 5.58 1.46 -0.84 0 0 0
r -4.1 -0.95 2.58 0 0 0
r 0.07 7.3 0.96 0 0 0
r 7.17 1.54 -0.11 0 0 0
r 5.83 0.23 0.94 0 0 0
r -2.28 4.05 -1.18 0 0 0
r 2.3 -3.92 -2.11 0 0 0
r 1.87 2.79 0.81 0 0 0
r -2.3 -4.77 -0.94 0 0 0
r -7.35 1.4 0.13 0 0 0
r 0.72 1.86 0.97 0 0 0
r 2.98 -3.96 0.99 0 0 0
r 1.35 -1.25 -5.31 0 0 0
r 4.92 -0.11 3.5 0 0 0
r -4.99 -2.21 1.59 0 0 0
r -3.32 -2.44 2.24 0 0 0
r -2.68 -3.95 0.01 0 0 0
r -2.65 -5.29 -0.29 0 0 0
r 8.58 -0.21 -0.09 0 0 0
r 3.26 -3.95 1.07 0 0 0
r -7.47 -0.07 -0.24 0 0 0
r -0.38 8.26 0.12 0 0 0
r 8.67 -0.09 0.04 0 0 0
r 5.67 1.69 -0.75 0 0 0
r -1.01 -6.69 1.29 0 0 0
r 2.86 5.3 -0.22 0 0 0
r 1.7 2.22 -4.06 0 0 0
r -0.15 0.34 -4.78 0 0 0
r 6.08 2.63 -0.02 0 0 0
r 3.04 -4.03 0.85 0 0 0
r 1.67 7.26 0.02 0 0 0
r 2.13 2.7 -2.93 0 0 0
r -2.17 1.11 -3.41 0 0 0
r 5.16 -0.28 2.34 0 0 0
r 3.04 5.63 -0.17 0 0 0
r 4.75 -2.16 -0.51 0 0 0
r -6.28 -2.2 0.23 0 0 0
r 6.32 -0.57 -1.73 0 0 0
r -0.73 -0.92 2.85 0 0 0
r 1.58 1.46 0.21 0 0 0
r -0.3 -6.97 1.46 0 0 0
r 4.77 -0.77 -0.97 0 0 0
r 2.71 4.61 -0.7 0 0 0
r -2.88 3.64 1.57 0 0 0
r 6.35 1.88 -0.29 0 0 0
r -6.65 -2.09 -0.1 0 0 0
r -0.15 3.01 -0.1 0 0 0
r -1.06 7.7 0.14 0 0 0
r -6.46 -1.34 -0.72 0 0 0
r 8.22 0.31 -0.41 0 0 0
r -6.38 -1.15 1.2 0 0 0
r 7.41 -0.06 1.24 0 0 0
r 5.12 3.13 -0.04 0 0 0
r -2.42 2.75 1.77 0 0 0
r 1.83 -2.6 -3.09 0 0 0
r -3.19 1.07 0.0 0 0 0
r 7.54 -1.27 -0.07 0 0 0
r -3.64 2.31 2.71 0 0 0
r -3.16 -2.55 0.93 0 0 0
r -0.25 -6.28 2.32 0 0 0
r -4.04 4.49 -0.32 0 0 0
r -1.99 4.62 -0.87 0 0 0
r 2.49 2.7 -1.4 0 0 0
r -2.08 0.03 -3.98 0 0 0
r 3.32 2.84 2.19 0 0 0
r 5.33 -0.09 1.12 0 0 0
r 8.2 -0.02 0.76 0 0 0
r -0.97 5.86 -1.48 0 0 0
r -0.33 -4.84 0.12 0 0 0
r 3.14 1.01 1.25 0 0 0
r -2.13 -0.13 -1.76 0 0 0
r -4.88 1.76 0.0 0 0 0
r -5.31 -2.36 -0.98 0 0 0
r -7.36 1.29 0.33 0 0 0
r 3.72 -2.32 2.91 0 0 0
r 2.61 -2.09 -2.41 0 0 0
r 1.66 5.51 0.08 0 0 0
r 8.13 0.74 0.07 0 0 0
r -6.61 -0.84 0.09 0 0 0
r 3.61 -4.77 -0.36 0 0 0
r -2.17 -3.53 1.13 0 0 0
r -0.46 -4.48 -2.59 0 0 0
r 7.2 0.25 -0.67 0 0 0
r 2.11 6.74 0.07 0 0 0
r -6.32 -0.31 -0.11 0 0 0
r -4.44 -1.34 3.17 0 0 0
r 6.42 -0.39 -0.44 0 0 0
r 0.92 3.99 3.35 0 0 0
r 0.24 -6.9 -1.59 0 0 0
r -0.32 4.47 -3.33 0 0 0
r -0.66 3.99 2.71 0 0 0
r 0.03 -1.85 -2.17 0 0 0
r 4.16 3.44 -0.21 0 0 0
r 2.42 -4.18 0.52 0 0 0
r 6.52 -0.27 1.73 0 0 0
r 1.94 1.86 1.07 0 0 0
r -3.91 -0.78 -1.62 0 0 0
r 7.0 -0.18 -1.52 0 0 0
r -7.23 -0.41 0.21 0 0 0
r -6.98 0.09 0.82 0 0 0
r -4.12 -0.94 -2.0 0 0 0
r 5.19 3.6 -0.04 0 0 0
r -2.4 5.35 -0.61 0 0 0
r 8.03 -0.57 -0.24 0 0 0
r 6.69 -1.9 0.25 0 0 0
r 5.98 1.05 -1.74 0 0 0
r -7.01 1.94 0.01 0 0 0
r 3.74 2.05 -0.85 0 0 0
r -0.61 6.74 -1.08 0 0 0
r -2.91 2.19 3.04 0 0 0
r -4.63 -2.6 -0.38 0 0 0
r 6.94 1.5 -0.27 0 0 0
r -0.29 -3.86 3.88 0 0 0
r 4.21 3.03 0.43 0 0 0
r -3.75 -1.05 3.94 0 0 0
r -2.5 3.32 -2.62 0 0 0
r 1.48 -4.54 -1.28 0 0 0
r -2.59 1.62 -3.47 0 0 0
r 8.59 0.03 0.22 0 0 0
r 7.66 0.53 0.78 0 0 0
r 1.03 1.54 3.67 0 0 0
r -7.61 -0.9 0.17 0 0 0
r 0.57 2.83 1.07 0 0 0
r -5.27 0.79 -2.47 0 0 0
r 8.6 -0.18 -0.14 0 0 0
r -6.04 1.38 -0.32 0 0 0
r 2.38 5.3 1.06 0 0 0
r -5.12 -0.52 -1.28 0 0 0
r 0.56 -3.13 -1.55 0 0 0
r -6.97 0.85 0.62 0 0 0
r -5.05 2.17 -0.24 0 0 0
r -8.01 -0.88 0.05 0 0 0
r -0.76 -1.63 2.89 0 0 0
r 0.59 2.39 -3.17 0 0 0
r -6.22 -0.45 -0.75 0 0 0
r -0.75 6.07 -0.82 0 0 0
r -3.01 -3.93 1.69 0 0 0
r 3.29 -4.64 -0.57 0 0 0
r 1.29 2.45 -3.11 0 0 0
r 0.83 5.97 1.73 0 0 0
r -5.53 2.35 0.58 0 0 0
r -1.13 7.15 0.67 0 0 0
r -0.02 -5.26 2.18 0 0 0
r 3.3 -3.89 -0.94 0 0 0
r -1.78 -3.39 -0.68 0 0 0
r 1.13 -3.99 0.63 0 0 0
r -3.79 -0.86 -1.1 0 0 0
r 8.76 0.15 0.0 0 0 0
r 4.82 1.63 1.71 0 0 0
r -3.13 -1.4 3.84 0 0 0
r -2.33 -3.59 -2.7 0 0 0
r 5.82 0.37 1.61 0 0 0
r -1.51 -3.14 2.92 0 0 0
r 0.16 -0.13 6.48 0 0 0
r 5.56 -0.88 0.43 0 0 0
r -0.15 -4.98 2.32 0 0 0
r 4.68 0.14 0.17 0 0 0
r 3.39 4.68 0.65 0 0 0
r 5.97 -2.22 -0.3 0 0 0
r 8.81 0.15 -0.02 0 0 0
r 6.71 0.74 0.3 0 0 0
r 4.99 1.46 -1.97 0 0 0
r 1.42 5.12 1.75 0 0 0
r -7.84 -0.15 -0.8 0 0 0
r -1.5 -5.51 -0.36 0 0 0
r -6.97 0.64 0.46 0 0 0
r 5.23 2.29 1.13 0 0 0
r -1.81 2.65 0.51 0 0 0
r -2.39 4.78 1.37 0 0 0
r -7.56 -0.88 -0.41 0 0 0
r -2.96 -1.23 -2.52 0 0 0
r -7.47 0.78 0.55 0 0 0
r -5.55 0.02 2.32 0 0 0
r 2.71 1.19 -0.58 0 0 0
r -0.69 -1.04 -3.62 0 0 0
r -4.62 1.96 0.05 0 0 0
r 8.9 -0.03 -0.03 0 0 0
r 2.08 -4.31 0.04 0 0 0
r 5.64 1.02 -0.17 0 0 0
r -2.26 4.63 0.76 0 0 0
r -0.02 8.78 0.03 0 0 0
r -6.02 0.79 -0.81 0 0 0
r 6.95 1.6 -0.37 0 0 0
r -2.71 1.33 4.46 0 0 0
r 5.32 -1.09 -0.43 0 0 0
r 1.91 -1.83 -0.88 0 0 0
r 2.03 4.57 0.24 0 0 0
r -4.0 2.38 -2.22 0 0 0
r 7.95 0.64 -0.07 0 0 0
r 0.9 6.25 -1.23 0 0 0
r 4.89 1.99 1.08 0 0 0
r -4.49 3.62 -0.44 0 0 0
r 2.11 4.55 0.69 0 0 0
r 7.19 0.02 0.96 0 0 0
r -4.94 -0.44 2.97 0 0 0
r -0.6 5.32 0.75 0 0 0
r -5.55 0.33 -1.11 0 0 0
r 0.63 -3.41 0.95 0 0 0
r 2.74 -0.98 2.23 0 0 0
r 3.69 -0.23 -0.04 0 0 0
