r 4.01 4.71 0.0 10 0 0
r -2.25 5.23 1.32 10 0 0
r -7.25 0.5 -0.19 10 0 0
r 0.59 -2.91 -1.58 10 0 0
r 1.01 0.97 -4.56 10 0 0
r -0.54 1.68 4.9 10 0 0
r 8.03 -0.84 0.02 10 0 0
r -7.08 -0.1 1.32 10 0 0
r 1.47 7.06 -0.28 10 0 0
r -5.27 -2.29 1.12 10 0 0
r -3.6 -3.77 0.56 10 0 0
r 8.57 -0.31 0.03 10 0 0
r 3.62 1.23 1.36 10 0 0
r 0.5 6.35 1.33 10 0 0
r 5.39 -0.53 -0.02 10 0 0
r 4.33 -3.13 -0.97 10 0 0
r -6.95 0.28 -1.52 10 0 0
r 0.2 -2.3 0.78 10 0 0
r -3.83 0.52 2.42 10 0 0
r 8.13 -0.09 -0.51 10 0 0
r 8.89 -0.01 0.06 10 0 0
r 7.06 -1.37 -0.29 10 0 0
r 3.89 -1.66 -0.9 10 0 0
r -4.66 -3.11 -0.73 10 0 0
r -4.78 3.25 -0.55 10 0 0
r -7.12 -0.51 -1.21 10 0 0
r -2.78 4.85 -1.22 10 0 0
r 6.06 2.69 0.01 10 0 0
r 4.33 -1.48 -2.62 10 0 0
r -7.05 1.26 -0.1 10 0 0
r -2.97 -4.08 1.06 10 0 0
r 5.19 -1.69 0.27 10 0 0
r 1.7 6.23 0.3 10 0 0
r 6.92 0.84 1.2 10 0 0
r 7.34 0.53 0.73 10 0 0
r -2.63 -0.37 -0.4 10 0 0
r 8.5 -0.25 0.2 10 0 0
r 5.99 1.6 0.27 10 0 0
r -5.69 -2.68 -0.06 10 0 0
r -2.17 2.96 2.65 10 0 0
r 0.0 -0.58 -1.02 10 0 0
r 5.68 1.47 -0.35 10 0 0
r -0.43 -0.03 3.64 10 0 0
r 1.68 -5.4 -0.29 10 0 0
r -2.99 5.26 -0.28 10 0 0
r 4.31 -3.7 -0.35 10 0 0
r 7.95 0.63 -0.26 10 0 0
r -1.48 -0.23 7.07 10 0 0
r -4.86 -0.6 3.09 10 0 0
r 6.17 0.81 -0.84 10 0 0
r 5.01 1.94 -1.33 10 0 0
r 1.9 -0.03 -5.16 10 0 0
r 2.43 -0.27 4.33 10 0 0
r 5.25 0.8 1.88 10 0 0
r 2.06 6.75 0.14 10 0 0
r -5.85 1.6 1.39 10 0 0
r -6.36 -1.46 0.75 10 0 0
r 8.38 -0.15 0.01 10 0 0
r 4.53 0.22 -1.04 10 0 0
r -6.77 -0.16 -0.72 10 0 0
r 4.51 -1.82 -1.42 10 0 0
r -6.4 1.5 -0.06 10 0 0
r -3.06 -3.21 -0.36 10 0 0
r -2.87 -0.16 -5.31 10 0 0
r 6.24 -1.81 -0.2 10 0 0
r -1.09 -3.87 -0.31 10 0 0
r 5.56 -1.03 0.66 10 0 0
r -4.16 -1.02 -3.1 10 0 0
r -4.68 0.08 1.92 10 0 0
r 3.33 4.98 0.39 10 0 0
r 6.83 0.03 -1.43 10 0 0
r -0.89 -3.21 -1.94 10 0 0
r -7.02 0.66 -0.31 10 0 0
r -3.74 -4.35 0.13 10 0 0
r -5.58 2.63 0.09 10 0 0
r -5.86 1.82 0.79 10 0 0
r -0.85 0.25 -3.52 10 0 0
r -6.39 -0.93 -0.4 10 0 0
r -7.92 -0.21 0.58 10 0 0
r 2.54 -4.8 0.96 10 0 0
r -2.92 -4.71 1.13 10 0 0
r 0.19 6.63 1.49 10 0 0
r 3.57 2.62 2.59 10 0 0
r -6.95 -0.11 0.76 10 0 0
r -3.0 5.78 -0.16 10 0 0
r 4.58 3.17 -1.05 10 0 0
r -7.31 -0.92 -0.55 10 0 0
r 8.86 0.07 -0.01 10 0 0
r -7.93 0.98 -0.01 10 0 0
r -2.49 -0.42 2.61 10 0 0
r 4.07 1.77 -2.11 10 0 0
r 2.24 -2.79 0.99 10 0 0
r -7.89 -0.12 0.53 10 0 0
r -3.21 4.95 0.15 10 0 0
r -2.93 -3.86 2.05 10 0 0
r -0.53 -2.52 4.26 10 0 0
r 1.69 3.69 0.52 10 0 0
r 3.17 4.82 -0.09 10 0 0
r -0.44 -4.63 -3.33 10 0 0
r 6.81 1.93 0.15 10 0 0
r 1.05 -2.42 5.02 10 0 0
r 8.02 0.15 0.79 10 0 0
r 3.02 -3.31 -0.97 10 0 0
r -1.75 1.54 -0.66 10 0 0
r -6.35 -0.83 -1.32 10 0 0
r -1.23 0.15 -4.55 10 0 0
r -3.75 -2.52 -0.48 10 0 0
r 3.79 3.84 0.91 10 0 0
r -1.38 4.38 1.79 10 0 0
r -4.77 1.2 2.79 10 0 0
r -0.57 4.8 2.26 10 0 0
r 0.77 -0.38 0.23 10 0 0
r -3.82 -3.82 -0.36 10 0 0
r -0.46 5.35 -1.6 10 0 0
r 4.28 -2.61 2.01 10 0 0
r 7.81 -0.2 -0.58 10 0 0
r -6.69 -1.4 0.62 10 0 0
r 6.01 -1.88 -0.24 10 0 0
r -1.83 1.56 -1.88 10 0 0
r -6.7 0.61 0.08 10 0 0
r 1.21 -0.44 6.09 10 0 0
r 7.77 0.07 0.81 10 0 0
r 4.6 -1.51 -0.42 10 0 0
r -6.7 1.22 -0.73 10 0 0
r 6.38 -2.03 0.48 10 0 0
r -5.34 2.51 0.37 10 0 0
r -7.11 0.51 1.02 10 0 0
r -6.21 -0.92 1.48 10 0 0
r -1.07 3.95 -2.09 10 0 0
r 5.13 0.76 -1.19 10 0 0
r 3.48 5.24 -0.04 10 0 0
r -1.45 2.54 -1.59 10 0 0
r -5.04 3.08 0.26 10 0 0
r 7.68 -0.83 -0.06 10 0 0
r -4.32 3.88 -0.31 10 0 0
r 0.66 -6.54 1.01 10 0 0
r 4.49 -1.99 1.76 10 0 0
r -2.65 0.53 5.4 10 0 0
r -3.07 4.31 0.7 10 0 0
r 1.69 -3.4 0.35 10 0 0
r 0.45 -1.73 0.24 10 0 0
r -4.11 4.0 0.85 10 0 0
r 7.95 0.65 -0.23 10 0 0
r -6.3 -0.05 -1.31 10 0 0
r -1.06 -3.72 2.54 10 0 0
r 1.8 2.74 1.15 10 0 0
r 1.37 3.39 3.09 10 0 0
r 7.42 -0.15 -1.25 10 0 0
r 2.03 1.23 2.61 10 0 0
r -2.94 5.35 -0.35 10 0 0
r -0.32 7.89 0.34 10 0 0
r 0.14 -3.97 2.35 10 0 0
r -7.9 -0.41 0.49 10 0 0
r -1.77 3.32 3.33 10 0 0
r -5.81 2.52 -0.29 10 0 0
r 2.52 1.54 4.08 10 0 0
r 5.48 -2.65 0.84 10 0 0
r 0.26 -4.81 -1.06 10 0 0
r 0.71 -2.2 -0.38 10 0 0
r 3.62 -2.38 -1.43 10 0 0
r -2.64 -3.02 -0.87 10 0 0
r 1.58 0.67 -1.71 10 0 0
r 4.19 -3.09 0.31 10 0 0
r 6.68 1.95 -0.03 10 0 0
r -3.38 -1.33 0.71 10 0 0
r 1.83 5.14 -1.26 10 0 0
r 4.71 -2.08 1.22 10 0 0
r -1.72 1.76 2.17 10 0 0
r 0.12 1.99 6.28 10 0 0
r 3.68 -4.56 -0.11 10 0 0
r -5.31 2.92 -0.63 10 0 0
r 5.11 1.27 -1.46 10 0 0
r 3.89 -2.75 1.41 10 0 0
r -6.06 0.24 -1.08 10 0 0
r 0.33 -4.14 -3.62 10 0 0
r 3.82 2.32 1.65 10 0 0
r 0.07 -3.03 -1.66 10 0 0
r -4.51 -2.87 -0.7 10 0 0
r 1.06 -1.91 5.07 10 0 0
r -0.66 -7.09 0.6 10 0 0
r 5.59 -0.16 2.77 10 0 0
r 3.49 2.35 1.21 10 0 0
r -7.01 0.88 -0.33 10 0 0
r -4.41 -1.98 -0.17 10 0 0
r 3.93 0.75 -1.34 10 0 0
r 5.15 1.02 -0.87 10 0 0
r 3.39 -4.62 -0.86 10 0 0
r 0.24 7.28 0.06 10 0 0
r -5.14 -2.8 -0.12 10 0 0
r 5.21 -2.57 -0.47 10 0 0
r 0.29 -6.95 0.56 10 0 0
r -0.87 1.45 -3.58 10 0 0
r -5.87 0.59 -1.3 10 0 0
r -1.97 4.09 -0.9 10 0 0
r 4.28 1.13 0.2 10 0 0
r -4.85 -2.8 -0.75 10 0 0
r 6.41 -0.38 0.5 10 0 0
r -6.58 1.48 -0.06 10 0 0
r 7.69 0.18 -0.12 10 0 0
r -3.71 2.28 2.89 10 0 0
r 3.79 2.2 -2.25 10 0 0
r -2.66 4.61 1.06 10 0 0
r 3.5 0.4 -2.0 10 0 0
r 2.37 -4.91 -0.45 10 0 0
r 2.63 -2.47 1.88 10 0 0
r 8.86 -0.05 -0.02 10 0 0
r 8.48 -0.03 -0.23 10 0 0
r -3.32 0.65 -0.83 10 0 0
r 2.0 3.49 -0.45 10 0 0
r -6.02 1.24 -0.01 10 0 0
r 5.69 -2.18 0.67 10 0 0
r -0.08 -6.44 -1.93 10 0 0
r -0.48 -3.27 -3.42 10 0 0
r -4.05 -1.31 -1.82 10 0 0
r 6.82 -0.72 0.38 10 0 0
r -4.47 2.18 -0.32 10 0 0
r 7.3 1.2 -0.1 10 0 0
r 8.91 0.07 -0.02 10 0 0
r 8.01 -0.55 0.26 10 0 0
r 3.56 -0.85 -2.43 10 0 0
r 2.27 0.73 2.71 10 0 0
r 3.84 -4.49 0.02 10 0 0
r 2.68 -3.19 1.68 10 0 0
r -0.69 -3.83 -1.94 10 0 0
r -4.97 -1.12 -1.25 10 0 0
r 8.51 0.21 0.25 10 0 0
r -0.69 -0.31 7.34 10 0 0
r 3.78 -2.02 1.94 10 0 0
r -2.4 6.35 -0.16 10 0 0
r -0.52 3.51 3.13 10 0 0
r 0.95 6.01 1.62 10 0 0
r 1.53 -5.15 -0.34 10 0 0
r -4.28 3.58 0.71 10 0 0
r 1.85 4.09 -1.05 10 0 0
r -4.57 -2.46 -1.08 10 0 0
r -0.18 -6.08 -2.05 10 0 0
r 2.31 -0.9 3.36 10 0 0
r -0.96 0.7 1.77 10 0 0
r -6.3 -1.57 -0.45 10 0 0
r 5.27 -2.2 -1.19 10 0 0
r 5.09 1.19 -2.12 10 0 0
r 0.08 8.28 0.12 10 0 0
r 8.76 0.2 -0.03 10 0 0
r -2.44 -0.27 -0.39 10 0 0
r 4.62 2.29 0.85 10 0 0
r 1.91 0.13 0.7 10 0 0
r -3.64 -1.75 2.69 10 0 0
r -4.74 1.68 1.92 10 0 0
r -7.72 0.84 0.38 10 0 0
r 0.93 -3.08 4.17 10 0 0
r 3.91 3.62 1.34 10 0 0
r 1.93 0.06 -5.71 10 0 0
r -7.25 -1.39 -0.24 10 0 0
r 3.47 1.54 2.45 10 0 0
r 1.15 0.15 -1.03 10 0 0
r 6.25 1.3 -0.1 10 0 0
r 0.47 5.05 -2.74 10 0 0
r 7.41 1.1 -0.14 10 0 0
r -6.91 -1.02 -0.47 10 0 0
r -7.02 1.69 0.16 10 0 0
r 2.68 -3.07 -1.0 10 0 0
r -7.51 1.18 0.12 10 0 0
r 2.29 5.16 1.5 10 0 0
r 2.67 -2.6 1.39 10 0 0
r 0.33 -3.93 -0.27 10 0 0
r 0.28 5.89 1.94 10 0 0
r -7.45 0.03 0.97 10 0 0
r 2.45 1.54 1.8 10 0 0
r -0.79 -7.31 -0.43 10 0 0
r 3.1 1.54 2.04 10 0 0
r 2.53 4.15 1.93 10 0 0
r -1.13 -0.68 -2.29 10 0 0
r 5.18 -2.28 0.96 10 0 0
r -7.82 0.33 0.28 10 0 0
r -7.92 0.09 -0.14 10 0 0
r 2.23 -5.94 -0.45 10 0 0
r -3.54 -3.74 -1.47 10 0 0
r 4.2 2.7 1.54 10 0 0
r -6.64 1.68 -0.35 10 0 0
r 6.02 2.01 0.34 10 0 0
r -2.34 6.58 -0.05 10 0 0
r 7.58 0.9 0.36 10 0 0
r -0.06 5.48 -0.1 10 0 0
r -2.81 -5.05 -0.06 10 0 0
r -0.71 -1.41 -0.01 10 0 0
r -3.93 -3.54 -0.7 10 0 0
r -3.94 -2.21 0.55 10 0 0
r -2.99 4.18 -1.41 10 0 0
r 6.09 -2.25 -0.29 10 0 0
r -0.04 1.45 -6.12 10 0 0
r -4.0 -2.2 0.99 10 0 0
r 5.37 -0.98 -2.21 10 0 0
r -0.38 -3.3 -0.35 10 0 0
r 3.83 -3.35 1.75 10 0 0
r 3.93 3.67 -0.92 10 0 0
r 6.31 -2.13 -0.34 10 0 0
r -4.2 0.13 1.45 10 0 0
r -7.79 0.71 0.23 10 0 0
r -6.82 -1.16 1.0 10 0 0
r 2.92 -0.72 4.19 10 0 0
r -1.89 5.09 -1.66 10 0 0
r 5.39 -0.66 0.79 10 0 0
r -3.38 4.55 -0.54 10 0 0
r -4.81 -2.08 -1.67 10 0 0
r 4.01 3.03 -0.91 10 0 0
r -2.78 -5.25 0.04 10 0 0
r -5.44 3.21 0.22 10 0 0
r 1.8 2.59 3.76 10 0 0
r 3.1 -3.63 0.51 10 0 0
r 0.78 -3.61 2.78 10 0 0
r -6.35 1.33 0.94 10 0 0
r 3.99 1.12 3.37 10 0 0
r 3.09 3.28 1.14 10 0 0
r -6.48 -1.92 -0.23 10 0 0
r 7.98 -0.61 -0.27 10 0 0
r -7.46 0.49 0.56 10 0 0
r 8.88 -0.05 0.07 10 0 0
r -5.76 -1.84 -0.13 10 0 0
r -4.19 3.02 0.8 10 0 0
r -4.19 1.84 2.89 10 0 0
r -6.37 1.31 1.01 10 0 0
r -5.98 2.56 0.1 10 0 0
r 4.96 0.7 1.63 10 0 0
r 5.7 0.39 1.83 10 0 0
r -3.76 -3.95 0.35 10 0 0
r -0.89 -7.2 0.52 10 0 0
r -4.26 4.08 0.16 10 0 0
r -4.1 3.4 0.97 10 0 0
r 0.92 -1.34 3.81 10 0 0
r -2.81 0.21 -1.52 10 0 0
r 5.99 2.93 -0.07 10 0 0
r -1.41 2.33 -4.25 10 0 0
r -1.36 4.76 0.07 10 0 0
r 7.92 -0.17 0.2 10 0 0
r -1.12 6.05 -0.89 10 0 0
r 4.72 4.06 0.13 10 0 0
r 1.44 -2.34 -0.85 10 0 0
r -3.23 -4.24 -1.14 10 0 0
r -7.93 -0.22 -0.01 10 0 0
r -7.35 0.78 -0.21 10 0 0
r -4.17 -4.22 0.23 10 0 0
r 7.62 -0.79 0.07 10 0 0
r 8.44 0.47 -0.02 10 0 0
r -5.35 -0.79 -0.96 10 0 0
r 8.51 -0.13 -0.15 10 0 0
r -6.77 0.57 0.59 10 0 0
r 3.65 2.55 1.37 10 0 0
r 4.32 2.29 -1.02 10 0 0
r 0.54 6.98 1.45 10 0 0
r -4.48 -1.06 3.3 10 0 0
r -3.18 -4.6 0.7 10 0 0
r 6.09 -1.93 -0.68 10 0 0
r -5.34 -1.55 -1.25 10 0 0
r -7.32 1.37 -0.23 10 0 0
r 8.18 0.2 -0.51 10 0 0
r 3.53 3.67 -0.44 10 0 0
r 7.68 0.95 0.04 10 0 0
r -7.9 -0.27 0.6 10 0 0
r 8.83 0.03 -0.08 10 0 0
r -7.11 -0.59 0.21 10 0 0
r 6.54 0.12 -1.44 10 0 0
r 6.69 2.14 -0.09 10 0 0
r -1.29 5.85 0.12 10 0 0
r 1.89 -4.44 2.33 10 0 0
r -3.5 1.37 -0.04 10 0 0
r 5.64 1.94 0.61 10 0 0
r 4.16 2.68 0.12 10 0 0
r 8.48 0.16 0.31 10 0 0
r 8.6 -0.18 -0.16 10 0 0
r 1.96 -1.69 0.69 10 0 0
r -3.12 -3.55 -1.99 10 0 0
r 1.17 -5.49 -1.0 10 0 0
r 5.6 1.62 -0.22 10 0 0
r 6.75 -1.65 0.0 10 0 0
r 1.71 6.15 0.78 10 0 0
r 0.75 -3.11 4.93 10 0 0
r -0.8 0.49 6.65 10 0 0
r -3.32 3.86 -0.04 10 0 0
r 2.88 4.38 -1.31 10 0 0
r -0.42 7.74 -0.64 10 0 0
r -3.47 -4.66 0.69 10 0 0
r -3.25 -2.09 -0.76 10 0 0
r 6.35 2.0 0.08 10 0 0
r 7.02 -1.17 -0.58 10 0 0
r 8.67 0.05 -0.11 10 0 0
r 4.73 0.8 2.02 10 0 0
r 4.2 3.41 0.46 10 0 0
r 1.13 3.63 2.52 10 0 0
r 5.75 -2.37 -0.25 10 0 0
r -2.21 5.0 0.05 10 0 0
r 3.02 -4.51 1.12 10 0 0
r 7.83 0.23 0.24 10 0 0
r -4.47 -1.03 -0.12 10 0 0
r 6.17 0.44 -1.7 10 0 0
r 2.74 0.1 5.47 10 0 0
r -2.66 1.39 -3.4 10 0 0
r 7.59 0.26 -0.31 10 0 0
r 4.65 0.79 2.81 10 0 0
r -7.46 -0.08 1.27 10 0 0
r -1.69 1.36 4.31 10 0 0
r 0.71 8.12 -0.14 10 0 0
r -4.71 3.72 -0.35 10 0 0
r 7.43 0.17 -0.76 10 0 0
r 8.47 -0.1 0.22 10 0 0
r -4.09 -3.49 0.39 10 0 0
r 0.69 1.62 1.25 10 0 0
r -1.43 -6.44 0.01 10 0 0
r -6.08 -1.36 1.16 10 0 0
r -7.05 -1.06 0.49 10 0 0
r -2.12 5.15 -0.28 10 0 0
r -2.17 -0.25 -2.93 10 0 0
r 0.37 4.47 3.09 10 0 0
r -7.98 -0.33 -0.6 10 0 0
r 7.52 -0.1 -1.2 10 0 0
r -6.51 1.73 -0.6 10 0 0
r 7.15 1.78 -0.02 10 0 0
r -1.51 0.98 5.44 10 0 0
r 0.14 -3.41 4.98 10 0 0
r -7.26 0.3 -0.74 10 0 0
r 2.89 5.47 0.16 10 0 0
r 4.14 3.08 -0.53 10 0 0
r 5.84 1.91 0.61 10 0 0
r -1.73 1.87 -1.71 10 0 0
r 0.17 -5.82 0.9 10 0 0
r 5.01 0.11 1.76 10 0 0
r -1.81 6.29 0.01 10 0 0
r 0.0 -8.0 -0.65 10 0 0
r 8.31 0.5 0.06 10 0 0
r 0.84 -1.62 1.01 10 0 0
r 3.76 -0.39 -2.2 10 0 0
r 8.13 -0.36 0.37 10 0 0
r -1.35 1.51 1.89 10 0 0
r 4.76 3.4 -0.42 10 0 0
r -2.1 3.1 -1.21 10 0 0
r 0.41 -2.07 -2.32 10 0 0
r 7.49 -1.06 0.31 10 0 0
r 0.66 5.74 2.29 10 0 0
r -0.41 -5.78 -1.0 10 0 0
r -5.75 0.24 1.66 10 0 0
r -6.93 -1.05 0.48 10 0 0
r -6.93 -1.78 0.02 10 0 0
r 7.34 0.44 -0.59 10 0 0
r -0.18 1.36 4.94 10 0 0
r 2.65 3.79 -1.14 10 0 0
r -7.93 -0.94 0.09 10 0 0
r 4.31 0.49 1.5 10 0 0
r -0.02 -3.21 4.5 10 0 0
r 6.82 1.72 0.34 10 0 0
r 8.63 -0.25 -0.1 10 0 0
r -1.95 -4.53 1.54 10 0 0
r 6.95 -1.5 -0.4 10 0 0
r -1.52 6.13 -0.41 10 0 0
r 7.58 -1.06 0.05 10 0 0
r -4.46 -2.19 1.16 10 0 0
r 4.55 3.74 -0.53 10 0 0
r 8.23 -0.25 -0.05 10 0 0
r -6.73 -1.93 -0.26 10 0 0
r 3.11 -0.07 -0.69 10 0 0
r 5.39 2.57 0.56 10 0 0
r 8.56 -0.2 0.06 10 0 0
r -0.07 -3.66 3.71 10 0 0
r 1.5 5.49 -0.6 10 0 0
r 2.93 2.75 -2.18 10 0 0
r 6.31 1.27 -1.24 10 0 0
r 4.13 2.19 1.76 10 0 0
r -0.15 6.76 0.86 10 0 0
r -7.46 -0.5 0.31 10 0 0
r 0.81 2.75 -3.58 10 0 0
r 8.05 0.93 0.02 10 0 0
r 3.49 -4.67 -0.22 10 0 0
r 1.99 -4.2 -1.05 10 0 0
r -6.29 -1.27 0.68 10 0 0
r -0.53 0.46 -3.69 10 0 0
r 5.2 -2.05 -0.43 10 0 0
r -5.5 -2.18 0.54 10 0 0
r 6.71 -0.72 0.05 10 0 0
r -7.03 0.76 -0.43 10 0 0
r -4.85 -2.33 1.21 10 0 0
r 2.84 3.52 -1.59 10 0 0
r 2.05 5.93 0.32 10 0 0
r 1.07 -4.54 2.3 10 0 0
r -1.73 1.88 2.63 10 0 0
r -7.01 -0.53 -0.25 10 0 0
r 2.76 3.01 2.86 10 0 0
r -4.63 1.65 -0.81 10 0 0
r -5.43 3.06 0.35 10 0 0
r 3.26 -2.09 -3.06 10 0 0
r 6.77 -1.43 -0.41 10 0 0
r 1.54 1.96 2.06 10 0 0
r 3.42 0.4 -1.34 10 0 0
r 3.37 1.91 -1.96 10 0 0
r 3.52 0.36 -3.4 10 0 0
r 8.7 0.12 0.12 10 0 0
r -6.27 -2.04 0.02 10 0 0
r -6.09 -1.15 0.58 10 0 0
r 4.46 3.17 1.28 10 0 0
r 7.92 0.65 -0.31 10 0 0
r -0.97 -2.81 -3.47 10 0 0
r 5.75 0.94 1.66 10 0 0
r -0.84 -2.37 5.62 10 0 0
r -7.8 -0.29 0.01 10 0 0
r 5.26 -0.64 -0.67 10 0 0
r -1.65 1.88 -4.45 10 0 0
r 7.09 -0.54 0.04 10 0 0
r 4.77 1.03 -2.23 10 0 0
r -7.46 -1.22 0.2 10 0 0
r 7.15 0.89 0.26 10 0 0
r -2.85 4.98 0.47 10 0 0
r 5.58 1.16 1.66 10 0 0
r -7.33 1.55 0.07 10 0 0
r 7.16 0.57 0.37 10 0 0
r 7.18 -0.58 -0.21 10 0 0
r 7.62 -1.15 0.03 10 0 0
r 2.62 -5.4 0.57 10 0 0
r 6.7 0.27 1.31 10 0 0
r -3.96 4.63 0.24 10 0 0
r -4.16 -3.79 0.36 10 0 0
r 6.25 -0.17 -0.25 10 0 0
r -7.83 -0.12 -0.5 10 0 0
r 3.09 -4.9 0.97 10 0 0
r -4.17 -2.83 -1.49 10 0 0
r -5.75 -2.52 -0.54 10 0 0
r 3.96 3.45 -0.67 10 0 0
r -2.23 -0.59 0.54 10 0 0
r 7.27 1.08 -0.18 10 0 0
r 3.47 2.69 2.02 10 0 0
r 3.28 1.36 -0.03 10 0 0
r -4.19 3.68 -0.64 10 0 0
r 4.17 -1.38 0.94 10 0 0
r 2.93 -2.86 2.31 10 0 0
r -5.08 0.53 -1.55 10 0 0
r 7.13 -0.83 0.22 10 0 0
r 3.06 5.17 0.18 10 0 0
r 6.48 0.82 0.45 10 0 0
r 6.84 0.99 0.89 10 0 0
r 3.94 -3.71 1.09 10 0 0
r -6.8 0.05 -1.76 10 0 0
r -7.22 -0.39 -0.39 10 0 0
r 1.26 -5.01 -0.79 10 0 0
r -4.64 0.01 0.68 10 0 0
r 6.29 -1.68 -0.04 10 0 0
r -3.28 5.38 -0.06 10 0 0
r 2.05 5.02 -1.09 10 0 0
r 6.71 -0.15 1.72 10 0 0
r -1.04 7.74 0.12 10 0 0
r -2.39 -2.29 -0.11 10 0 0
r 6.02 1.87 0.76 10 0 0
r 3.82 1.76 0.12 10 0 0
r -4.0 0.56 -1.85 10 0 0
r -7.71 1.27 -0.02 10 0 0
r -0.56 -0.59 -0.68 10 0 0
r -6.35 -2.23 0.04 10 0 0
r 5.59 1.21 -0.34 10 0 0
r -6.63 -1.02 1.0 10 0 0
r 7.83 0.28 0.08 10 0 0
r 7.32 1.1 0.25 10 0 0
r 8.08 0.73 0.13 10 0 0
r -0.1 0.77 7.34 10 0 0
r 1.78 -2.61 0.45 10 0 0
r -6.06 1.49 0.08 10 0 0
r 3.99 -1.96 1.8 10 0 0
r -2.66 2.55 -0.79 10 0 0
r 6.49 -1.52 0.67 10 0 0
r -1.68 5.28 1.24 10 0 0
r 3.47 -2.44 -1.24 10 0 0
r 5.26 1.95 0.49 10 0 0
r -4.49 1.99 1.68 10 0 0
r 0.71 1.96 -1.52 10 0 0
r 6.16 -0.57 2.0 10 0 0
r -7.62 1.3 -0.01 10 0 0
r 4.47 4.23 -0.19 10 0 0
r 5.89 1.51 -1.23 10 0 0
r 7.85 -0.93 0.01 10 0 0
r 4.78 -3.14 -0.54 10 0 0
r -3.38 -0.35 3.74 10 0 0
r 4.77 -3.0 -0.14 10 0 0
r -6.68 2.26 -0.04 10 0 0
r 5.86 2.07 -0.16 10 0 0
r 7.84 -0.98 0.04 10 0 0
r -5.02 3.91 -0.06 10 0 0
r -3.27 0.15 -1.95 10 0 0
r -2.13 4.35 0.11 10 0 0
r 2.43 -0.24 0.58 10 0 0
r -6.25 1.38 1.13 10 0 0
r -6.67 -0.15 1.3 10 0 0
r -1.48 -3.52 1.56 10 0 0
r 3.29 3.89 1.2 10 0 0
r 0.57 4.38 1.61 10 0 0
r 7.75 0.46 -0.48 10 0 0
r 0.7 -3.58 -0.11 10 0 0
r -4.7 0.22 -3.26 10 0 0
r 8.87 0.08 -0.04 10 0 0
r 5.04 3.65 -0.02 10 0 0
r 3.22 -0.66 4.36 10 0 0
r -4.96 2.07 -1.13 10 0 0
r 6.06 -2.26 -0.55 10 0 0
r 7.12 1.76 0.0 10 0 0
r 1.09 6.48 0.85 10 0 0
r -4.81 -0.87 2.98 10 0 0
r 5.89 -2.67 0.25 10 0 0
r 4.48 -0.96 -2.19 10 0 0
r -4.32 3.91 -0.65 10 0 0
r 0.9 0.21 2.82 10 0 0
r 2.49 -3.67 -1.38 10 0 0
r -4.72 2.27 -1.72 10 0 0
r -7.12 -0.38 0.59 10 0 0
r -5.2 2.01 -1.33 10 0 0
r -3.54 3.98 -0.01 10 0 0
r 5.35 -3.02 0.57 10 0 0
r -4.22 -3.79 0.53 10 0 0
r 1.46 -3.81 -2.75 10 0 0
r 0.78 6.36 1.28 10 0 0
r 1.6 -1.67 -3.69 10 0 0
r -0.22 -6.86 -0.78 10 0 0
r -5.87 0.61 -1.56 10 0 0
r -0.27 -3.99 4.3 10 0 0
r -1.2 1.25 2.84 10 0 0
r 6.29 -0.18 0.21 10 0 0
r 5.63 0.27 -2.31 10 0 0
r 5.36 1.08 0.19 10 0 0
r -5.75 -1.83 -0.65 10 0 0
r 3.12 5.3 -0.13 10 0 0
r -5.73 2.52 0.39 10 0 0
r -6.88 -0.59 -0.59 10 0 0
r 4.2 -2.56 1.06 10 0 0
r -5.92 0.9 -1.74 10 0 0
r 0.86 -2.9 -3.12 10 0 0
r 8.84 -0.01 0.0 10 0 0
r -6.74 -0.29 1.31 10 0 0
r -2.81 -2.13 -1.17 10 0 0
r 0.26 1.15 4.82 10 0 0
r 1.48 -5.35 -1.93 10 0 0
r 5.71 0.48 -0.23 10 0 0
r -4.11 4.26 0.11 10 0 0
r 4.0 3.78 -0.31 10 0 0
r -5.37 1.13 -1.47 10 0 0
r 4.05 1.09 1.13 10 0 0
r -3.7 -3.26 1.22 10 0 0
r 7.98 0.31 0.53 10 0 0
r -7.27 0.07 -1.25 10 0 0
r -4.08 3.89 -0.62 10 0 0
r 4.78 3.12 0.74 10 0 0
r 3.65 3.81 1.13 10 0 0
r 6.61 -0.88 0.03 10 0 0
r -3.77 4.2 -0.65 10 0 0
r -3.53 4.52 -0.73 10 0 0
r -1.68 -2.37 3.75 10 0 0
r -3.91 -1.0 3.14 10 0 0
r 3.17 -3.41 0.98 10 0 0
r 4.6 4.08 0.13 10 0 0
r 3.1 0.61 3.28 10 0 0
r 0.84 -2.71 2.43 10 0 0
r -1.4 1.24 -5.38 10 0 0
r 4.99 -2.37 -0.26 10 0 0
r -6.72 -0.58 0.53 10 0 0
r 5.36 -0.99 -0.65 10 0 0
r 2.96 -3.97 0.56 10 0 0
r -1.1 -4.55 -2.07 10 0 0
r 4.17 -1.63 -2.03 10 0 0
r 8.21 -0.32 0.34 10 0 0
r 6.1 -2.27 -0.33 10 0 0
r 0.94 -3.69 4.27 10 0 0
r -4.15 3.77 -0.05 10 0 0
r 6.73 -0.36 -0.91 10 0 0
r 0.6 -6.41 -1.29 10 0 0
r 8.23 0.37 -0.34 10 0 0
r 5.08 0.36 -0.06 10 0 0
r -4.69 0.1 -1.67 10 0 0
r -2.58 -5.0 -1.11 10 0 0
r -1.68 -5.41 0.26 10 0 0
r -7.42 0.56 -0.88 10 0 0
r -1.38 -6.43 0.9 10 0 0
r 6.06 -1.05 0.73 10 0 0
r 2.3 -0.77 -0.79 10 0 0
r 1.78 -0.73 -1.84 10 0 0
r -0.66 0.23 5.6 10 0 0
r 1.94 -4.26 -0.24 10 0 0
r -5.25 1.12 0.57 10 0 0
r 5.99 -0.77 0.33 10 0 0
r -4.19 -2.53 -1.54 10 0 0
r 1.14 3.93 2.09 10 0 0
r -5.87 0.6 -0.62 10 0 0
r 2.83 -0.2 3.73 10 0 0
r 5.4 -1.56 0.16 10 0 0
r 7.66 -0.44 0.2 10 0 0
r -6.04 -0.45 -2.16 10 0 0
r 0.01 -1.02 6.73 10 0 0
r -0.16 -1.51 -3.32 10 0 0
r -3.52 3.27 1.38 10 0 0
r 7.79 -0.9 0.19 10 0 0
r 6.76 0.13 -1.65 10 0 0
r -2.76 -1.8 -3.55 10 0 0
r -5.73 -2.51 0.38 10 0 0
r -2.74 -0.57 -2.35 10 0 0
r 3.95 3.92 -0.56 10 0 0
r 4.83 1.29 1.66 10 0 0
r 7.75 -0.35 -0.67 10 0 0
r -0.3 8.08 -0.16 10 0 0
r -2.93 -2.08 -1.81 10 0 0
r -5.99 1.3 -0.71 10 0 0
r 5.66 -1.52 0.23 10 0 0
r 1.8 2.3 -2.46 10 0 0
r 0.27 0.85 0.2 10 0 0
r 0.18 -6.55 1.76 10 0 0
r 4.9 1.75 -1.21 10 0 0
r 0.62 2.16 -4.06 10 0 0
r -1.57 -0.75 3.16 10 0 0
r -2.96 -2.01 1.71 10 0 0
r 1.6 6.55 0.16 10 0 0
r -4.61 0.7 3.03 10 0 0
r -5.9 1.19 -0.6 10 0 0
r -6.86 -1.71 0.2 10 0 0
r 3.02 -3.11 2.78 10 0 0
r 3.97 -3.01 1.21 10 0 0
r -1.77 2.58 2.03 10 0 0
r -6.75 0.72 -1.02 10 0 0
r -5.98 0.82 0.34 10 0 0
r 4.51 -1.36 0.4 10 0 0
r 3.13 1.14 0.12 10 0 0
r 3.54 -3.77 -1.1 10 0 0
r 1.37 1.6 4.47 10 0 0
r -7.23 -0.18 -0.38 10 0 0
r 4.23 2.23 1.7 10 0 0
r 3.69 -0.81 1.75 10 0 0
r 4.0 -1.83 0.05 10 0 0
r -0.22 1.64 -3.6 10 0 0
r 2.31 -5.31 -0.69 10 0 0
r 0.26 6.37 1.01 10 0 0
r -2.58 -0.05 -1.1 10 0 0
r -5.9 -0.01 2.3 10 0 0
r -7.57 0.73 0.36 10 0 0
r -5.44 -0.9 -1.66 10 0 0
r 6.83 -0.27 1.41 10 0 0
r 3.29 0.84 0.21 10 0 0
r 0.31 6.95 -0.12 10 0 0
r 0.56 3.41 3.21 10 0 0
r -7.82 -0.65 -0.33 10 0 0
r -3.05 -3.8 0.65 10 0 0
r -2.87 -2.81 1.81 10 0 0
r -7.55 -1.26 -0.16 10 0 0
r 6.33 -1.44 0.14 10 0 0
r -6.67 0.09 2.16 10 0 0
r 7.28 0.45 0.4 10 0 0
r -3.22 3.0 1.48 10 0 0
r -2.1 3.66 2.26 10 0 0
r -7.33 0.1 -0.41 10 0 0
r -0.16 2.11 -5.55 10 0 0
r -7.82 0.34 -0.57 10 0 0
r 7.14 -1.49 0.18 10 0 0
r -4.7 3.06 0.32 10 0 0
r 4.99 0.6 -0.84 10 0 0
r -5.44 -1.97 0.93 10 0 0
r 2.28 -3.15 -2.38 10 0 0
r -5.3 0.05 1.66 10 0 0
r 5.9 1.77 1.3 10 0 0
r 3.54 0.82 -3.56 10 0 0
r 1.62 2.11 3.8 10 0 0
r -3.0 -0.38 3.82 10 0 0
r 3.59 0.78 -2.69 10 0 0
r 4.67 -1.72 1.34 10 0 0
r -1.77 3.02 -1.52 10 0 0
r 5.09 -1.13 2.06 10 0 0
r 0.73 -2.83 5.25 10 0 0
r 6.43 -1.42 -0.32 10 0 0
r -5.13 0.21 0.67 10 0 0
r -4.42 -0.31 0.42 10 0 0
r -1.75 6.98 0.05 10 0 0
r 0.04 -0.38 4.24 10 0 0
r 2.16 -0.1 -2.12 10 0 0
r -0.67 6.56 0.08 10 0 0
r 0.88 -4.48 -2.68 10 0 0
r -7.74 -0.72 -0.38 10 0 0
r -0.82 4.05 2.26 10 0 0
r 3.12 4.99 0.83 10 0 0
r -1.28 -0.67 -1.13 10 0 0
r -4.03 2.39 -0.48 10 0 0
r 5.03 1.62 0.56 10 0 0
r -1.22 0.08 3.98 10 0 0
r -2.26 5.16 0.14 10 0 0
r -1.45 -5.47 1.03 10 0 0
r -0.37 -6.02 1.48 10 0 0
r 0.33 -2.62 3.51 10 0 0
r 7.4 0.31 0.92 10 0 0
r 7.29 -0.41 -0.01 10 0 0
r -2.81 -0.82 2.82 10 0 0
r 6.43 2.37 -0.01 10 0 0
r 8.44 0.24 0.31 10 0 0
r -2.47 6.13 -0.26 10 0 0
r 7.29 1.63 -0.07 10 0 0
r -2.56 -4.89 -0.83 10 0 0
r -6.05 1.97 0.81 10 0 0
r 0.55 -5.33 -0.94 10 0 0
r 7.02 0.52 0.1 10 0 0
r 4.61 0.06 0.23 10 0 0
r 8.24 -0.44 0.22 10 0 0
r 5.44 2.58 -0.06 10 0 0
r -2.37 5.84 0.0 10 0 0
r 6.2 -2.27 -0.44 10 0 0
r 4.91 -1.56 2.43 10 0 0
r -1.56 -3.74 1.38 10 0 0
r -3.57 -1.5 2.49 10 0 0
r 8.52 0.21 0.01 10 0 0
r -0.31 -2.36 5.61 10 0 0
r 4.26 0.69 0.01 10 0 0
r -7.51 0.29 -0.97 10 0 0
r -3.3 5.14 -0.12 10 0 0
r 1.48 7.02 0.46 10 0 0
r 0.27 -0.7 -4.32 10 0 0
r 0.56 2.78 -2.85 10 0 0
r -7.61 0.01 0.74 10 0 0
r 7.34 0.25 -0.45 10 0 0
r 7.18 1.47 0.34 10 0 0
r 1.86 3.32 -2.05 10 0 0
r -4.83 -2.51 -1.0 10 0 0
r 3.15 -4.59 -0.97 10 0 0
r -0.34 -4.17 -2.83 10 0 0
r -4.83 -2.47 -0.55 10 0 0
r 8.5 -0.31 0.15 10 0 0
r 6.13 0.1 -2.11 10 0 0
r 0.1 -4.82 1.34 10 0 0
r 0.89 -2.83 -3.27 10 0 0
r 1.55 -4.82 -2.27 10 0 0
r 2.37 1.82 -0.68 10 0 0
r -1.87 -2.15 3.6 10 0 0
r 6.45 -1.18 0.07 10 0 0
r -2.13 3.22 2.23 10 0 0
r 6.85 -0.28 0.67 10 0 0
r 4.71 -3.73 0.16 10 0 0
r -7.28 0.1 -0.13 10 0 0
r 6.13 -0.19 0.76 10 0 0
r -5.83 -2.18 0.9 10 0 0
r -6.94 -1.77 -0.16 10 0 0
r 5.69 -0.53 2.41 10 0 0
r -6.98 -0.28 0.61 10 0 0
r 7.34 -1.41 0.2 10 0 0
r -2.77 5.63 0.25 10 0 0
r 6.33 1.72 0.44 10 0 0
r -0.49 -3.38 0.2 10 0 0
r 5.05 -1.94 -0.71 10 0 0
r -4.69 -2.59 -0.42 10 0 0
r 6.32 -0.42 1.72 10 0 0
r 3.79 -2.97 -1.6 10 0 0
r 7.59 -0.86 0.06 10 0 0
r 8.91 0.02 0.03 10 0 0
r 0.85 -5.29 1.24 10 0 0
r -3.97 1.11 -3.13 10 0 0
r -4.44 -2.17 -1.85 10 0 0
r 1.64 2.69 4.13 10 0 0
r -0.96 -1.25 -3.48 10 0 0
r 7.87 -0.39 -0.16 10 0 0
r 7.01 1.92 -0.02 10 0 0
r -0.83 -7.27 -0.25 10 0 0
r -4.49 -3.91 0.57 10 0 0
r 4.59 2.05 1.75 10 0 0
r -3.87 0.05 -0.86 10 0 0
r -5.92 0.2 -0.47 10 0 0
r 8.69 0.0 -0.26 10 0 0
r -7.73 1.19 0.01 10 0 0
r 4.25 1.46 2.0 10 0 0
r -6.37 1.23 -0.42 10 0 0
r -7.85 0.73 0.39 10 0 0
r 5.99 -0.39 -0.61 10 0 0
r 5.63 -1.43 0.55 10 0 0
r 7.85 0.42 -0.04 10 0 0
r 6.08 -0.46 -0.31 10 0 0
r 5.71 -1.19 -1.27 10 0 0
r -1.09 -0.64 -0.48 10 0 0
r 8.73 -0.13 -0.06 10 0 0
r 7.18 1.42 0.29 10 0 0
r 5.04 3.18 -0.59 10 0 0
r -2.65 -5.38 -0.75 10 0 0
r -3.52 -1.08 3.11 10 0 0
r 4.47 -1.3 0.57 10 0 0
r 4.86 -1.7 1.74 10 0 0
r 4.92 0.91 -2.81 10 0 0
r 2.33 -5.39 1.0 10 0 0
r -6.54 0.58 -1.46 10 0 0
r 0.8 4.66 1.95 10 0 0
r 2.49 -3.84 0.71 10 0 0
r -2.92 1.6 0.93 10 0 0
r 6.21 1.84 0.86 10 0 0
r 6.9 -0.55 -0.18 10 0 0
r -5.44 2.94 -0.47 10 0 0
r -5.4 1.97 0.67 10 0 0
r -7.11 1.59 0.01 10 0 0
r -2.11 -5.72 -0.71 10 0 0
r -7.04 -1.07 -0.44 10 0 0
r 0.62 -3.49 -0.41 10 0 0
r -1.05 3.44 -2.62 10 0 0
r -5.81 0.45 -0.82 10 0 0
r -0.45 3.37 -3.6 10 0 0
r -0.48 2.58 3.81 10 0 0
r 1.46 6.93 -0.39 10 0 0
r -4.04 -0.25 -4.04 10 0 0
r -2.59 -3.25 0.2 10 0 0
r -4.67 4.14 0.01 10 0 0
r -2.01 3.12 3.0 10 0 0
r -1.1 -4.22 2.6 10 0 0
r -5.01 -2.29 -1.19 10 0 0
r 5.41 -2.52 -0.87 10 0 0
r -4.48 -3.61 0.06 10 0 0
r -1.33 6.95 -0.41 10 0 0
r 1.77 -4.56 -0.4 10 0 0
r 4.51 2.27 1.01 10 0 0
r -4.23 4.09 -0.06 10 0 0
r -3.27 2.54 2.77 10 0 0
r 3.17 3.73 2.06 10 0 0
r 7.9 -0.82 0.02 10 0 0
r -7.65 -0.33 0.82 10 0 0
r 6.61 -1.58 0.01 10 0 0
r 0.96 -7.0 -0.7 10 0 0
r 1.11 7.2 0.56 10 0 0
r -6.45 2.18 -0.02 10 0 0
r 5.53 -0.64 -1.59 10 0 0
r -3.87 -2.87 0.92 10 0 0
r 6.09 0.56 1.15 10 0 0
r -3.13 -2.04 -0.86 10 0 0
r 4.9 -1.27 2.33 10 0 0
r -2.23 6.58 -0.02 10 0 0
r -0.9 7.19 -0.15 10 0 0
r 7.89 0.95 0.06 10 0 0
r -2.26 1.94 -0.38 10 0 0
r -5.52 1.41 -0.61 10 0 0
r 4.19 -3.6 -0.71 10 0 0
r 0.58 7.6 -0.34 10 0 0
r 5.58 -2.96 -0.15 10 0 0
r -5.17 -2.34 -0.08 10 0 0
r 8.23 0.35 -0.14 10 0 0
r 7.05 0.17 0.95 10 0 0
r 5.75 -1.73 0.27 10 0 0
r -6.84 0.65 0.48 10 0 0
r -0.16 -0.29 -4.74 10 0 0
r 3.54 5.26 -0.05 10 0 0
r 5.76 -2.04 -0.79 10 0 0
r -7.51 -0.82 -0.25 10 0 0
r 7.45 1.28 -0.18 10 0 0
r -1.88 -6.11 -0.18 10 0 0
r 8.22 -0.56 0.12 10 0 0
r -4.47 -2.96 -0.48 10 0 0
r 2.51 -2.27 -0.13 10 0 0
r -3.83 4.28 -0.1 10 0 0
r 7.13 -0.69 -1.0 10 0 0
r -3.08 2.1 -0.58 10 0 0
r 6.82 -0.42 -0.13 10 0 0
r -5.74 -0.29 -0.8 10 0 0
r 4.98 2.27 0.49 10 0 0
r 8.74 0.07 0.03 10 0 0
r 3.98 2.02 -1.63 10 0 0
r 8.54 -0.28 0.0 10 0 0
r -2.22 3.49 1.41 10 0 0
r 1.37 5.88 -0.48 10 0 0
r 7.31 1.49 -0.06 10 0 0
r 0.01 6.28 -0.11 10 0 0
r -6.54 0.82 -0.08 10 0 0
r 3.58 -2.69 2.25 10 0 0
r -4.04 2.79 2.0 10 0 0
r 7.06 -0.07 -0.89 10 0 0
r -0.11 -7.37 0.45 10 0 0
r 2.53 -2.23 -2.63 10 0 0
r 5.89 -0.92 0.98 10 0 0
r 1.39 5.01 -0.39 10 0 0
r 1.6 1.18 2.4 10 0 0
r 0.57 -6.21 0.87 10 0 0
r 0.71 -2.79 -3.98 10 0 0
r -6.4 0.12 0.74 10 0 0
r 1.43 2.44 4.62 10 0 0
r -5.91 2.31 0.41 10 0 0
r -3.07 -3.75 -0.83 10 0 0
r -4.7 3.52 0.45 10 0 0
r 2.98 -4.5 1.33 10 0 0
r 3.67 0.74 2.67 10 0 0
r -2.9 5.98 -0.01 10 0 0
r -2.53 -5.41 -0.7 10 0 0
r 2.9 -4.97 -0.38 10 0 0
r 1.71 -3.27 2.91 10 0 0
r -1.09 4.84 1.61 10 0 0
r -3.14 -3.0 0.84 10 0 0
r -4.21 3.0 0.1 10 0 0
r 8.19 0.05 0.59 10 0 0
r 0.33 -1.16 -3.23 10 0 0
r -4.58 -2.98 -0.96 10 0 0
r 5.63 -1.81 -1.25 10 0 0
r 7.45 -0.29 -0.56 10 0 0
r 4.65 1.96 -1.4 10 0 0
r 0.19 3.67 3.43 10 0 0
r -6.56 -1.09 0.08 10 0 0
r -2.79 0.84 5.18 10 0 0
r 0.1 0.14 -3.51 10 0 0
r 4.95 0.13 1.77 10 0 0
r -1.05 -5.1 -1.02 10 0 0
r 2.27 3.36 1.57 10 0 0
r -6.64 2.04 0.14 10 0 0
r 2.56 -1.64 -3.87 10 0 0
r -3.01 -3.7 -1.24 10 0 0
r -6.82 0.54 -0.83 10 0 0
r 8.41 0.3 0.09 10 0 0
r 3.55 -2.78 -1.56 10 0 0
r 1.21 5.56 -1.52 10 0 0
r -1.0 -5.31 1.85 10 0 0
r -0.25 -3.93 0.91 10 0 0
