r -3.3 1.51 -2.43 0 0 0
r 3.1 -3.6 1.85 0 0 0
r -6.81 -1.64 0.16 0 0 0
r 8.89 -0.04 -0.06 0 0 0
r -1.07 3.8 -1.58 0 0 0
r 3.59 2.74 1.04 0 0 0
r -2.85 3.37 2.62 0 0 0
r -7.51 0.71 0.26 0 0 0
r -3.57 -0.66 -2.56 0 0 0
r -1.63 -6.18 0.88 0 0 0
r -1.67 -1.92 -0.73 0 0 0
r -0.67 1.98 5.83 0 0 0
r 7.57 -0.06 0.95 0 0 0
r -7.87 0.82 -0.26 0 0 0
r -6.99 0.47 0.06 0 0 0
r -6.91 0.6 0.42 0 0 0
r 6.68 -1.61 0.7 0 0 0
r -2.16 6.11 -0.2 0 0 0
r 4.93 1.92 -1.02 0 0 0
r -5.85 2.14 -0.52 0 0 0
r 7.92 0.3 0.34 0 0 0
r 5.4 1.09 -1.84 0 0 0
r -2.61 -1.67 0.9 0 0 0
r 3.33 -3.11 1.68 0 0 0
r -3.4 1.37 -2.28 0 0 0
r -7.23 -1.27 0.31 0 0 0
r -5.2 1.12 0.1 0 0 0
r 5.97 0.99 -0.42 0 0 0
r 0.4 -2.16 0.62 0 0 0
r -1.04 3.93 -0.62 0 0 0
r 6.03 2.0 -0.41 0 0 0
r -7.56 -1.11 0.14 0 0 0
r -5.01 1.79 1.72 0 0 0
r -1.01 -1.45 5.67 0 0 0
r -2.03 0.2 1.11 0 0 0
r -3.83 -2.97 -0.07 0 0 0
r -1.08 -2.09 3.88 0 0 0
r -1.87 -0.74 -0.76 0 0 0
r 6.07 2.85 0.0 0 0 0
r 5.97 -0.32 -0.77 0 0 0
r -3.18 -0.78 -1.52 0 0 0
r 8.3 0.41 0.03 0 0 0
r -0.48 8.07 -0.15 0 0 0
r 8.33 -0.04 -0.53 0 0 0
r -2.74 -1.7 -0.73 0 0 0
r -6.64 2.02 0.06 0 0 0
r -6.34 2.22 0.16 0 0 0
r 5.17 0.14 2.98 0 0 0
r 8.39 -0.32 0.09 0 0 0
r 5.68 -1.11 -1.37 0 0 0
r -1.84 -1.5 2.77 0 0 0
r 6.15 0.34 1.8 0 0 0
r -6.48 -1.72 -0.41 0 0 0
r -3.39 2.3 2.55 0 0 0
r 6.23 2.71 0.05 0 0 0
r 1.07 6.25 -1.36 0 0 0
r -5.84 -2.81 -0.1 0 0 0
r 3.7 -0.52 -2.58 0 0 0
r 6.3 -1.92 -0.44 0 0 0
r 6.91 0.49 -0.31 0 0 0
r 0.46 -3.06 -2.37 0 0 0
r -4.09 4.05 0.31 0 0 0
r -6.26 -0.22 2.39 0 0 0
r 7.24 -0.15 -1.36 0 0 0
r 6.45 1.95 -0.36 0 0 0
r 4.89 -1.63 0.13 0 0 0
r -7.24 0.55 1.11 0 0 0
r -0.04 0.07 -5.0 0 0 0
r 7.97 -0.75 0.24 0 0 0
r -4.72 -2.74 -0.37 0 0 0
r -0.38 0.13 -0.89 0 0 0
r -2.88 3.98 -1.71 0 0 0
r -7.91 0.95 0.0 0 0 0
r 8.6 0.22 -0.14 0 0 0
r -6.77 1.25 -0.19 0 0 0
r 8.74 0.09 -0.14 0 0 0
r 8.48 0.26 -0.11 0 0 0
r -3.82 4.51 0.3 0 0 0
r 7.24 1.07 0.53 0 0 0
r 6.53 1.64 -0.71 0 0 0
r -1.39 -5.57 0.68 0 0 0
r 3.63 -2.36 0.42 0 0 0
r -7.38 -0.31 0.92 0 0 0
r -5.49 0.71 2.57 0 0 0
r 7.92 -0.63 0.44 0 0 0
r 3.72 -0.88 1.96 0 0 0
r 5.55 1.26 0.51 0 0 0
r 8.22 0.57 -0.15 0 0 0
r 4.13 2.85 0.73 0 0 0
r -3.33 -1.95 2.35 0 0 0
r 1.32 -5.27 -0.13 0 0 0
r 5.98 -1.29 1.09 0 0 0
r -4.59 3.1 -0.41 0 0 0
r -4.35 -1.92 1.04 0 0 0
r 2.05 -1.47 -2.64 0 0 0
r 8.62 -0.14 -0.03 0 0 0
r 5.1 3.3 -0.2 0 0 0
r -7.57 0.55 0.58 0 0 0
r 8.05 0.39 0.39 0 0 0
r -7.42 -0.83 0.22 0 0 0
r -1.44 -1.74 1.71 0 0 0
r -7.0 0.71 -0.47 0 0 0
r 2.52 5.07 0.72 0 0 0
r -5.46 0.1 0.69 0 0 0
r -0.46 -1.26 2.67 0 0 0
r 5.64 3.1 -0.1 0 0 0
r 7.0 0.12 -1.62 0 0 0
r -1.4 -5.98 0.52 0 0 0
r -3.15 4.75 0.73 0 0 0
r -5.41 -1.09 0.33 0 0 0
r -0.02 -5.54 -1.27 0 0 0
r 4.47 1.52 2.04 0 0 0
r 6.6 -1.07 0.61 0 0 0
r -3.58 -3.22 -0.53 0 0 0
r -3.31 3.72 -0.71 0 0 0
r -4.24 1.32 3.02 0 0 0
r -6.43 0.95 -0.27 0 0 0
r 3.36 -2.16 2.2 0 0 0
r -5.8 -1.37 -1.49 0 0 0
r 5.12 1.76 2.03 0 0 0
r 4.78 2.3 -0.33 0 0 0
r 3.45 1.78 -0.41 0 0 0
r -7.56 -0.69 0.74 0 0 0
r 2.17 -2.69 3.67 0 0 0
r 2.17 6.15 0.0 0 0 0
r -6.47 -1.74 0.55 0 0 0
r 4.45 -1.57 0.42 0 0 0
r 0.7 7.57 0.37 0 0 0
r 0.49 -6.16 -0.52 0 0 0
r 8.42 0.21 -0.24 0 0 0
r 4.49 1.33 2.01 0 0 0
r 8.15 -0.27 -0.35 0 0 0
r 7.83 0.78 0.08 0 0 0
r -4.78 2.01 1.44 0 0 0
r -7.21 -1.12 0.37 0 0 0
r 6.53 -0.32 0.46 0 0 0
r -0.79 -4.08 -3.0 0 0 0
r -7.8 0.03 0.48 0 0 0
r -6.75 1.64 -0.44 0 0 0
r -1.66 -3.57 3.67 0 0 0
r -2.4 5.36 0.67 0 0 0
r 2.32 -2.34 1.19 0 0 0
r -4.1 -0.51 0.69 0 0 0
r -1.54 6.32 -0.79 0 0 0
r -5.93 2.61 -0.09 0 0 0
r -5.14 3.35 0.49 0 0 0
r -0.86 4.09 3.21 0 0 0
r 1.04 -6.21 0.86 0 0 0
r 6.06 -1.16 0.59 0 0 0
r 5.18 0.93 2.49 0 0 0
r -1.44 6.63 0.0 0 0 0
r 2.06 0.32 -2.79 0 0 0
r 5.44 0.09 3.12 0 0 0
r -3.7 4.94 -0.13 0 0 0
r 1.7 6.09 -0.17 0 0 0
r 3.1 0.5 3.44 0 0 0
r 3.8 3.07 -1.0 0 0 0
r 5.13 0.11 3.69 0 0 0
r 0.81 -5.77 0.69 0 0 0
r 8.8 -0.07 -0.11 0 0 0
r 8.17 0.07 0.18 0 0 0
r 5.96 0.91 1.31 0 0 0
r 2.08 -1.12 -2.99 0 0 0
r 5.75 1.76 1.43 0 0 0
r -0.93 -6.93 0.71 0 0 0
r -7.69 -0.66 0.57 0 0 0
r 5.7 0.58 0.77 0 0 0
r -2.86 -4.0 -0.22 0 0 0
r -1.83 -6.0 0.93 0 0 0
r 4.57 0.05 0.4 0 0 0
r -7.02 0.77 0.39 0 0 0
r -3.48 -2.65 -2.41 0 0 0
r -7.57 -0.74 -0.32 0 0 0
r -2.13 2.52 1.08 0 0 0
r 1.72 3.86 -0.61 0 0 0
r -3.21 -0.24 -0.1 0 0 0
r -0.99 -6.26 0.22 0 0 0
r -7.94 0.83 -0.14 0 0 0
r 2.03 -5.68 -0.6 0 0 0
r 8.13 0.67 0.17 0 0 0
r -7.64 -0.77 0.4 0 0 0
r 6.45 0.34 1.93 0 0 0
r -0.93 0.78 3.86 0 0 0
r 6.31 -0.01 -0.18 0 0 0
r -0.87 0.26 -3.74 0 0 0
r 8.62 -0.27 0.11 0 0 0
r 4.22 0.7 -1.59 0 0 0
r -7.25 -1.34 0.06 0 0 0
r 7.23 -1.44 0.19 0 0 0
r 5.24 -0.57 -2.73 0 0 0
r -5.94 -0.87 -1.73 0 0 0
r 6.39 2.4 0.06 0 0 0
r -5.88 0.45 2.52 0 0 0
r -7.41 0.32 -0.68 0 0 0
r -3.97 1.1 -1.72 0 0 0
r 1.88 0.58 3.69 0 0 0
r 6.78 1.18 -0.58 0 0 0
r -1.21 -0.02 4.95 0 0 0
r 0.33 0.15 2.64 0 0 0
r -0.88 -6.35 1.31 0 0 0
r -3.68 5.08 0.11 0 0 0
r -4.33 3.38 0.49 0 0 0
r 2.36 -1.83 -3.43 0 0 0
r -6.25 2.05 -0.59 0 0 0
r 2.54 0.91 -1.45 0 0 0
r -6.3 -1.27 0.06 0 0 0
r 8.75 0.21 0.01 0 0 0
r -3.46 2.75 -1.58 0 0 0
r 4.19 4.05 0.31 0 0 0
r 6.58 -1.83 -0.07 0 0 0
r 3.81 3.05 -1.06 0 0 0
r -0.5 -1.91 1.25 0 0 0
r 3.12 -5.1 -0.29 0 0 0
r -1.67 1.22 -2.65 0 0 0
r 3.03 5.29 0.47 0 0 0
r 1.6 -5.2 0.39 0 0 0
r -1.31 5.35 -0.15 0 0 0
r -5.42 -1.39 0.4 0 0 0
r 6.83 -1.61 0.41 0 0 0
r 5.21 0.66 -0.6 0 0 0
r 0.97 5.04 -1.33 0 0 0
r 6.14 -1.31 0.11 0 0 0
r 1.62 4.67 -0.98 0 0 0
r 8.3 0.6 0.1 0 0 0
r -7.39 0.24 0.95 0 0 0
r 8.19 -0.29 -0.34 0 0 0
r -1.06 7.03 0.62 0 0 0
r -3.93 1.96 -1.94 0 0 0
r 0.61 -2.64 3.75 0 0 0
r -3.57 -3.71 -1.36 0 0 0
r -6.32 1.36 0.52 0 0 0
r 3.43 -1.59 -1.79 0 0 0
r 6.31 -2.31 0.31 0 0 0
r -4.35 1.51 1.63 0 0 0
r -5.73 0.4 2.32 0 0 0
r 7.03 0.69 0.11 0 0 0
r 6.42 0.21 -0.76 0 0 0
r 7.51 0.05 0.89 0 0 0
r -1.32 6.95 -0.6 0 0 0
r 1.69 -1.51 -3.1 0 0 0
r -5.09 -1.11 -1.26 0 0 0
r 4.12 -2.21 -2.29 0 0 0
r -6.71 0.44 -0.93 0 0 0
r -0.77 -6.28 1.53 0 0 0
r 7.64 0.48 -0.4 0 0 0
r -5.4 -1.2 -1.94 0 0 0
r -3.84 0.09 0.58 0 0 0
r -7.47 0.44 -0.01 0 0 0
r -3.14 1.23 3.69 0 0 0
r -0.78 -2.36 2.31 0 0 0
r 1.78 6.86 -0.29 0 0 0
r 7.14 -1.33 0.51 0 0 0
r 5.51 1.04 0.52 0 0 0
r 2.24 -3.94 -2.48 0 0 0
r -6.83 1.94 0.04 0 0 0
r -6.07 -1.96 0.32 0 0 0
r 8.75 -0.1 -0.1 0 0 0
r 8.61 -0.22 0.15 0 0 0
r 2.66 -0.51 -1.1 0 0 0
r -1.45 2.73 -2.34 0 0 0
r -5.59 2.98 -0.24 0 0 0
r 2.44 6.45 0.11 0 0 0
r 2.34 4.26 -1.05 0 0 0
r -5.44 2.03 0.63 0 0 0
r -4.31 1.05 -2.57 0 0 0
r 6.17 2.6 0.21 0 0 0
r 3.93 0.19 -2.04 0 0 0
r -5.91 2.67 -0.12 0 0 0
r 5.88 2.01 0.09 0 0 0
r 7.48 -1.2 -0.24 0 0 0
r 7.46 -1.05 -0.02 0 0 0
r 8.6 0.37 0.02 0 0 0
r 3.41 5.09 0.38 0 0 0
r 3.66 4.1 -0.04 0 0 0
r -7.69 0.84 -0.4 0 0 0
r -3.17 0.41 -3.47 0 0 0
r -5.7 -2.6 0.2 0 0 0
r -4.95 2.25 1.35 0 0 0
r 8.57 -0.37 0.06 0 0 0
r -6.36 0.13 0.57 0 0 0
r 4.21 3.88 0.52 0 0 0
r -1.22 -4.78 -1.81 0 0 0
r -2.66 1.05 1.97 0 0 0
r -7.07 -0.86 -0.64 0 0 0
r -6.4 -1.08 -0.56 0 0 0
r -1.86 -6.13 0.69 0 0 0
r -6.81 1.67 -0.42 0 0 0
r 0.28 -5.08 3.24 0 0 0
r 7.51 -1.32 0.09 0 0 0
r -2.4 6.5 0.07 0 0 0
r -6.87 -0.52 -0.41 0 0 0
r 7.16 -0.64 -0.76 0 0 0
r -5.8 -2.07 0.92 0 0 0
r 4.52 -3.71 -0.25 0 0 0
r 8.85 0.1 0.02 0 0 0
r -1.81 0.87 2.83 0 0 0
r -0.41 -1.92 -1.9 0 0 0
r -3.92 0.93 -0.84 0 0 0
r -6.44 -1.73 -0.08 0 0 0
r 4.7 -2.21 0.5 0 0 0
r -1.72 1.62 4.65 0 0 0
r -2.33 -1.12 -1.8 0 0 0
r -1.18 7.33 0.33 0 0 0
r -0.69 -2.12 -2.95 0 0 0
r -1.09 0.08 -4.36 0 0 0
r -6.93 -1.69 0.0 0 0 0
r 2.82 -0.49 -4.15 0 0 0
r 6.33 -1.26 0.34 0 0 0
r 8.39 -0.41 0.06 0 0 0
r 6.4 -1.03 0.39 0 0 0
r -4.1 3.55 0.09 0 0 0
r -2.82 0.82 4.94 0 0 0
r 0.82 5.98 0.26 0 0 0
r 8.01 -0.31 -0.06 0 0 0
r 8.57 0.38 -0.01 0 0 0
r 8.57 -0.17 0.19 0 0 0
r -7.54 1.44 -0.02 0 0 0
r -6.43 -1.78 0.32 0 0 0
r 6.08 1.0 -1.0 0 0 0
r 3.75 -0.25 -3.6 0 0 0
r -4.66 1.59 0.46 0 0 0
r 7.51 -0.92 -0.07 0 0 0
r -6.63 0.95 0.15 0 0 0
r -5.14 1.69 1.88 0 0 0
r -5.55 -0.15 -1.08 0 0 0
r -7.66 0.21 -0.87 0 0 0
r 4.03 -1.39 1.1 0 0 0
r -4.39 -0.53 0.2 0 0 0
r -4.83 -1.44 1.57 0 0 0
r 8.75 -0.13 0.01 0 0 0
r -3.91 4.88 0.0 0 0 0
r 7.06 -0.53 1.08 0 0 0
r 8.84 -0.08 0.06 0 0 0
r -5.32 1.35 0.8 0 0 0
r -5.81 0.32 1.05 0 0 0
r 2.26 4.07 -1.43 0 0 0
r -5.34 1.73 1.2 0 0 0
r 0.04 4.21 -2.53 0 0 0
r 5.86 -0.23 -0.08 0 0 0
r -1.77 2.31 -3.47 0 0 0
r 6.92 -1.14 0.76 0 0 0
r -1.49 4.95 -1.22 0 0 0
r 3.39 -2.41 2.33 0 0 0
r 3.14 -0.82 -2.95 0 0 0
r 7.35 -1.3 -0.01 0 0 0
r 5.67 2.71 0.3 0 0 0
r -6.56 1.25 0.46 0 0 0
r 7.01 -0.44 0.51 0 0 0
r 2.33 -5.3 -0.6 0 0 0
r 4.68 -2.71 -1.31 0 0 0
r 5.01 -2.69 -0.61 0 0 0
r 2.95 1.15 2.94 0 0 0
r 1.78 1.43 5.18 0 0 0
r 1.2 -6.22 -1.04 0 0 0
r -0.72 -4.98 1.5 0 0 0
r 1.79 -2.75 -2.59 0 0 0
r -5.1 1.83 -0.61 0 0 0
r 4.66 0.82 -1.33 0 0 0
r -5.83 -2.4 -0.45 0 0 0
r 3.95 -4.0 -0.83 0 0 0
r 0.2 4.66 0.25 0 0 0
r 6.56 1.13 -0.31 0 0 0
r 1.19 3.26 -3.77 0 0 0
r -6.08 0.75 1.61 0 0 0
r -7.84 -0.48 0.21 0 0 0
r 0.27 -2.22 -1.83 0 0 0
r 6.21 -1.7 -0.02 0 0 0
r 4.5 0.63 0.21 0 0 0
r 8.4 -0.36 -0.05 0 0 0
r -0.23 3.96 2.47 0 0 0
r -3.23 -4.63 0.38 0 0 0
r -1.2 -0.75 1.68 0 0 0
r 8.38 0.48 -0.11 0 0 0
r -7.83 0.25 -0.54 0 0 0
r -2.28 -5.65 0.68 0 0 0
r 8.61 -0.06 0.16 0 0 0
r -5.95 1.35 1.11 0 0 0
r -7.93 -0.71 0.15 0 0 0
r 6.84 -0.99 0.36 0 0 0
r 3.61 2.37 -0.93 0 0 0
r 4.07 -0.11 2.02 0 0 0
r -0.54 0.11 4.68 0 0 0
r 4.8 1.22 -0.81 0 0 0
r 8.4 0.51 0.01 0 0 0
r -6.75 -0.64 0.45 0 0 0
r 5.06 -0.95 1.69 0 0 0
r 3.86 2.15 -2.22 0 0 0
r 1.54 -4.68 -0.1 0 0 0
r 3.33 2.36 1.9 0 0 0
r 0.01 -4.16 3.62 0 0 0
r -3.86 0.81 2.62 0 0 0
r 1.87 0.97 -0.53 0 0 0
r 4.84 -3.65 0.06 0 0 0
r -3.62 3.12 -1.9 0 0 0
r 3.5 -4.58 -0.7 0 0 0
r 0.21 4.29 3.24 0 0 0
r -5.14 -2.01 0.73 0 0 0
r -0.9 1.5 -0.1 0 0 0
r 1.31 3.06 -0.14 0 0 0
r -5.67 -0.26 1.55 0 0 0
r -2.68 -1.74 1.53 0 0 0
r -7.69 -1.09 0.01 0 0 0
r 4.74 3.81 0.01 0 0 0
r -0.15 3.27 0.11 0 0 0
r 6.23 2.11 0.38 0 0 0
r -3.82 -2.03 3.09 0 0 0
r 2.18 -0.01 -0.77 0 0 0
r 1.81 -3.18 3.76 0 0 0
r -3.11 -1.29 3.64 0 0 0
r -2.12 4.37 -2.01 0 0 0
r 0.39 -0.62 -4.88 0 0 0
r 5.51 0.84 0.08 0 0 0
r 7.88 1.0 -0.04 0 0 0
r -3.9 -3.09 -1.69 0 0 0
r 0.28 -5.44 0.28 0 0 0
r -3.92 4.32 0.12 0 0 0
r 8.46 -0.19 0.26 0 0 0
r 3.01 -2.44 3.39 0 0 0
r -1.57 -2.07 -1.45 0 0 0
r 6.66 0.1 -0.72 0 0 0
r 5.27 -2.32 0.81 0 0 0
r 5.74 -2.17 -0.81 0 0 0
r -7.08 -0.28 0.22 0 0 0
r 1.37 -6.44 -0.04 0 0 0
r 7.81 0.88 0.07 0 0 0
r -5.35 -2.49 0.99 0 0 0
r 7.14 -0.93 0.26 0 0 0
r -4.44 -0.16 -2.7 0 0 0
r 8.73 0.2 0.0 0 0 0
r 8.87 0.1 -0.01 0 0 0
r 4.72 -1.25 -2.41 0 0 0
r -0.91 -5.31 -1.83 0 0 0
r -3.68 4.02 -0.35 0 0 0
r 4.15 2.17 0.53 0 0 0
r 8.58 0.37 -0.01 0 0 0
r 3.08 2.45 3.1 0 0 0
r -4.55 -1.53 1.85 0 0 0
r -2.29 3.19 -0.03 0 0 0
r -5.37 -0.81 1.92 0 0 0
r 4.78 -2.95 -0.71 0 0 0
r 3.96 -3.26 0.12 0 0 0
r -4.37 3.01 -0.61 0 0 0
r -6.81 1.72 -0.37 0 0 0
r 1.26 4.22 -2.13 0 0 0
r 6.06 0.09 1.18 0 0 0
r -6.09 0.49 0.75 0 0 0
r -5.69 -1.3 -1.42 0 0 0
r -7.53 0.52 -0.5 0 0 0
r -7.08 -0.1 -1.09 0 0 0
r -4.44 0.07 3.71 0 0 0
r 7.02 -1.55 0.31 0 0 0
r 1.43 0.55 -5.05 0 0 0
r 7.36 -1.08 0.55 0 0 0
r -0.59 -4.86 3.07 0 0 0
r -0.42 6.42 1.18 0 0 0
r 1.77 -5.95 -0.02 0 0 0
r 1.32 4.35 -2.63 0 0 0
r -5.65 -2.48 -0.41 0 0 0
r 4.56 3.74 -0.2 0 0 0
r 6.21 2.04 -0.22 0 0 0
r 3.39 -3.65 1.62 0 0 0
r -1.93 -4.98 1.97 0 0 0
r -1.53 -4.97 1.61 0 0 0
r 1.79 -0.76 -2.16 0 0 0
r -7.61 -1.15 0.17 0 0 0
r -1.3 1.2 -4.27 0 0 0
r 3.09 -4.89 0.55 0 0 0
r -5.2 2.0 1.1 0 0 0
r -1.07 3.83 1.85 0 0 0
r -4.12 -1.78 -2.27 0 0 0
r -7.12 0.24 0.43 0 0 0
r -3.12 2.76 -0.97 0 0 0
r -4.54 -3.65 0.07 0 0 0
r 8.78 0.06 0.13 0 0 0
r 7.45 -0.16 -0.94 0 0 0
r -0.7 7.2 -0.92 0 0 0
r 1.73 -5.54 0.74 0 0 0
r -3.95 -0.71 -3.59 0 0 0
r -1.25 -6.03 -0.78 0 0 0
r -2.34 -3.7 -0.36 0 0 0
r 3.02 0.72 -4.58 0 0 0
r 0.21 -4.84 0.99 0 0 0
r 0.69 -4.53 -0.52 0 0 0
r 6.88 -1.71 -0.23 0 0 0
r 0.31 -1.49 -0.08 0 0 0
r 4.1 4.66 -0.14 0 0 0
r -1.02 -0.92 2.6 0 0 0
r 2.78 -4.25 0.74 0 0 0
r -6.15 0.06 0.39 0 0 0
r -5.12 1.79 1.23 0 0 0
r 4.53 2.47 1.9 0 0 0
r 4.94 1.91 0.1 0 0 0
r -2.38 -4.83 -1.35 0 0 0
r -2.26 2.58 3.18 0 0 0
r 5.04 -1.67 -1.28 0 0 0
r -2.58 -0.45 2.47 0 0 0
r 4.3 0.06 -2.48 0 0 0
r -3.35 2.64 0.52 0 0 0
r -2.25 3.33 -0.72 0 0 0
r -1.23 -1.31 1.76 0 0 0
r 5.29 1.14 1.17 0 0 0
r -5.77 -2.64 0.48 0 0 0
r -1.72 1.87 2.38 0 0 0
r 2.66 -2.05 0.31 0 0 0
r -0.33 7.33 -0.65 0 0 0
r 3.39 -0.38 -2.16 0 0 0
r -0.66 4.87 1.31 0 0 0
r 5.76 -1.97 1.05 0 0 0
r -2.13 -2.2 -2.55 0 0 0
r 8.61 0.39 0.0 0 0 0
r 6.4 1.7 0.36 0 0 0
r 4.53 2.32 -1.82 0 0 0
r 8.27 0.25 -0.23 0 0 0
r -4.48 3.18 0.01 0 0 0
r 0.7 -1.92 5.09 0 0 0
r 6.03 -1.31 0.21 0 0 0
r -7.22 0.99 -0.46 0 0 0
r -4.02 -2.37 -0.59 0 0 0
r 4.88 -2.03 -1.33 0 0 0
r -5.36 -0.62 -0.49 0 0 0
r -0.25 3.34 -4.33 0 0 0
r -1.0 -2.93 -4.31 0 0 0
r 4.59 2.32 1.93 0 0 0
r -4.86 2.43 0.8 0 0 0
r 2.53 2.46 3.32 0 0 0
r 6.54 1.25 -1.03 0 0 0
r -5.74 -1.97 0.04 0 0 0
r 5.14 1.27 -1.41 0 0 0
r 0.34 -3.74 4.11 0 0 0
r -5.34 -1.11 -0.33 0 0 0
r 4.0 3.85 -0.48 0 0 0
r -0.84 -5.47 1.8 0 0 0
r -6.36 0.66 0.16 0 0 0
r -3.28 4.11 -0.94 0 0 0
r 3.21 4.9 -0.05 0 0 0
r 0.19 0.63 6.85 0 0 0
r 1.64 -5.7 1.27 0 0 0
r -5.24 3.6 0.03 0 0 0
r 8.62 0.19 -0.02 0 0 0
r -4.21 1.4 2.32 0 0 0
r -7.62 0.39 -0.31 0 0 0
r 8.33 0.59 0.04 0 0 0
r -6.14 -0.56 -1.22 0 0 0
r -7.69 0.97 -0.12 0 0 0
r 7.18 -0.52 0.12 0 0 0
r 6.11 -1.69 -0.47 0 0 0
r 1.4 -0.67 0.97 0 0 0
r -7.25 -1.1 -0.19 0 0 0
r 8.35 -0.06 0.1 0 0 0
r 7.28 -0.86 -0.57 0 0 0
r 2.02 -4.1 1.1 0 0 0
r 4.87 -1.99 -1.59 0 0 0
r 7.24 1.04 0.02 0 0 0
r -5.4 0.48 1.57 0 0 0
r -6.78 1.35 0.48 0 0 0
r 3.88 2.37 1.93 0 0 0
r 0.48 -4.69 -1.2 0 0 0
r 6.06 2.61 0.2 0 0 0
r -4.07 -2.99 -1.5 0 0 0
r -6.92 -0.23 -1.32 0 0 0
r 3.87 -4.18 -0.08 0 0 0
r 2.43 -5.1 -0.77 0 0 0
r 8.1 0.65 0.2 0 0 0
r 5.43 1.77 -0.71 0 0 0
r 3.33 1.64 -2.7 0 0 0
r -2.77 -3.22 -0.95 0 0 0
r -7.57 -0.59 -0.6 0 0 0
r 0.49 6.42 -1.63 0 0 0
r 4.6 3.03 -0.99 0 0 0
r 4.99 -1.03 0.35 0 0 0
r -0.22 3.22 0.03 0 0 0
r -4.25 -3.77 0.29 0 0 0
r 7.6 0.96 0.09 0 0 0
r 2.34 -1.01 -3.04 0 0 0
r -7.31 -0.53 1.15 0 0 0
r -5.49 1.11 1.2 0 0 0
r -1.41 7.01 0.25 0 0 0
r 4.92 -3.38 -0.05 0 0 0
r 3.94 -2.83 1.73 0 0 0
r 3.71 -0.76 -0.96 0 0 0
r 4.67 -1.18 1.92 0 0 0
r 0.04 0.41 -3.09 0 0 0
r -6.8 1.31 0.25 0 0 0
r -4.75 2.77 -1.14 0 0 0
r -3.6 -4.69 -0.21 0 0 0
r 5.0 3.78 0.09 0 0 0
r 3.82 1.13 0.31 0 0 0
r 7.91 0.68 0.08 0 0 0
r -2.24 6.42 -0.26 0 0 0
r 2.36 -0.46 -3.02 0 0 0
r 6.81 -0.71 -0.9 0 0 0
r -2.86 2.46 -2.8 0 0 0
r -4.41 3.61 -0.79 0 0 0
r 5.78 -0.17 -1.46 0 0 0
r 6.23 -1.91 0.47 0 0 0
r 6.61 1.74 0.15 0 0 0
r 8.12 0.59 -0.03 0 0 0
r 2.0 3.66 2.02 0 0 0
r -5.5 2.37 -0.96 0 0 0
r -5.41 -0.24 -0.77 0 0 0
r -5.5 3.33 -0.09 0 0 0
r 3.44 -0.45 -1.95 0 0 0
r -0.4 3.44 -3.09 0 0 0
r -7.68 1.07 -0.12 0 0 0
r 5.29 1.01 0.68 0 0 0
r -2.0 1.67 -3.13 0 0 0
r -4.63 1.16 1.61 0 0 0
r 7.55 -0.75 0.6 0 0 0
r -2.42 3.25 -1.03 0 0 0
r -5.25 -2.98 -0.2 0 0 0
r 1.59 -2.74 2.21 0 0 0
r -4.9 3.92 0.17 0 0 0
r -6.97 0.17 0.2 0 0 0
r -3.89 1.39 -1.62 0 0 0
r -2.92 -0.68 3.88 0 0 0
r 6.0 -1.91 0.85 0 0 0
r 6.99 0.84 0.31 0 0 0
r -1.7 -0.94 -2.1 0 0 0
r 2.12 -4.48 -0.3 0 0 0
r 2.65 3.44 0.49 0 0 0
r -7.69 -0.47 -0.54 0 0 0
r 3.89 -0.09 -2.84 0 0 0
r -3.44 4.7 -0.04 0 0 0
r -7.15 -0.78 0.28 0 0 0
r -4.22 3.48 0.3 0 0 0
r 1.18 3.31 -0.55 0 0 0
r -5.19 3.72 0.08 0 0 0
r -5.6 -0.25 1.81 0 0 0
r 1.61 2.39 0.88 0 0 0
r -0.93 -4.96 1.56 0 0 0
r -1.46 -1.3 -3.27 0 0 0
r -4.16 -2.24 -2.3 0 0 0
r 4.58 1.49 -0.02 0 0 0
r 0.92 1.41 2.27 0 0 0
r 7.59 -0.92 0.12 0 0 0
r 0.33 -4.13 -0.61 0 0 0
r 2.54 -0.92 -1.32 0 0 0
r -1.43 -4.5 -0.7 0 0 0
r 8.08 0.27 -0.5 0 0 0
r 7.6 0.69 0.28 0 0 0
r 7.16 0.4 0.56 0 0 0
r 1.39 -1.72 -5.0 0 0 0
r -2.44 5.22 0.2 0 0 0
r 2.28 -3.23 2.97 0 0 0
r -7.93 -0.15 -0.38 0 0 0
r -4.33 0.15 1.41 0 0 0
r 4.86 -1.63 -0.69 0 0 0
r -7.27 0.91 -0.41 0 0 0
r 7.95 -0.31 -0.59 0 0 0
r 5.47 -2.16 1.02 0 0 0
r 2.75 3.9 -1.37 0 0 0
r -7.64 0.23 -0.23 0 0 0
r -5.14 -0.56 2.3 0 0 0
r -3.55 4.1 -0.85 0 0 0
r -0.3 7.5 -0.78 0 0 0
r 2.09 1.3 -3.6 0 0 0
r -5.4 -1.93 -0.54 0 0 0
r -0.68 3.02 -3.06 0 0 0
r 4.36 1.24 -1.57 0 0 0
r 7.05 0.4 0.37 0 0 0
r -4.45 2.54 0.77 0 0 0
r -2.43 -0.54 -3.15 0 0 0
r 1.26 2.95 0.46 0 0 0
r 6.93 1.19 -0.46 0 0 0
r -2.97 4.7 1.0 0 0 0
r 4.3 -1.82 1.08 0 0 0
r -7.65 -0.99 -0.02 0 0 0
r 6.41 1.75 0.22 0 0 0
r -3.88 1.94 2.45 0 0 0
r 7.89 0.81 -0.08 0 0 0
r -3.63 -0.75 3.65 0 0 0
r 1.24 4.51 -2.77 0 0 0
r 5.26 -1.44 -2.0 0 0 0
r -6.24 0.45 -1.74 0 0 0
r -2.69 -3.9 -2.06 0 0 0
r 2.62 -3.08 1.01 0 0 0
r 0.87 4.95 -0.01 0 0 0
r -4.02 3.47 -0.99 0 0 0
r 1.92 6.99 0.0 0 0 0
r -4.25 3.62 0.84 0 0 0
r 7.65 1.33 -0.01 0 0 0
r -3.93 3.75 0.69 0 0 0
r 5.08 -3.06 0.56 0 0 0
r -5.3 2.29 -0.68 0 0 0
r -6.52 1.06 1.25 0 0 0
r -0.36 4.63 -2.54 0 0 0
r 8.28 -0.57 0.05 0 0 0
r -4.44 1.74 2.63 0 0 0
r -7.06 0.8 0.74 0 0 0
r -5.02 2.2 1.37 0 0 0
r -0.7 -3.64 -2.36 0 0 0
r 8.78 0.05 0.1 0 0 0
r -0.52 -5.52 1.88 0 0 0
r -4.47 -2.43 0.6 0 0 0
r 0.17 -0.9 5.03 0 0 0
r 6.54 1.28 1.05 0 0 0
r 6.2 1.99 0.79 0 0 0
r 0.05 0.78 -3.29 0 0 0
r 4.1 -4.22 0.28 0 0 0
r -6.93 -0.72 0.1 0 0 0
r 7.33 -0.12 -0.19 0 0 0
r 1.51 0.23 1.65 0 0 0
r 6.89 -0.2 0.69 0 0 0
r -0.9 -4.67 2.79 0 0 0
r -7.2 0.17 1.59 0 0 0
r 1.38 -6.1 1.33 0 0 0
r 0.43 -5.79 -0.34 0 0 0
r 4.02 3.78 1.16 0 0 0
r -7.73 -0.74 0.37 0 0 0
r 8.0 -0.39 0.04 0 0 0
r -7.39 -0.83 0.66 0 0 0
r -6.27 0.3 1.2 0 0 0
r -1.48 -1.46 3.14 0 0 0
r -0.89 7.65 0.3 0 0 0
r 8.89 -0.01 0.01 0 0 0
r 8.79 -0.18 -0.01 0 0 0
r 2.86 -3.83 0.57 0 0 0
r 3.33 4.05 -0.34 0 0 0
r -4.06 0.8 3.7 0 0 0
r -3.42 2.14 -2.42 0 0 0
r -5.76 0.63 -2.04 0 0 0
r 7.1 -0.52 -0.47 0 0 0
r 0.92 0.63 -6.61 0 0 0
r 2.71 0.7 -2.33 0 0 0
r -4.53 -3.29 0.67 0 0 0
r 0.66 2.77 -4.79 0 0 0
r -3.03 4.15 -0.19 0 0 0
r -7.03 1.83 0.04 0 0 0
r 5.47 -2.12 0.41 0 0 0
r -1.8 3.15 1.75 0 0 0
r 8.34 -0.14 -0.29 0 0 0
r 2.71 -3.22 -2.44 0 0 0
r -4.86 -1.37 -1.23 0 0 0
r 0.37 2.5 -1.93 0 0 0
r 2.66 5.97 0.35 0 0 0
r -7.86 0.14 0.41 0 0 0
r -3.13 -4.92 0.79 0 0 0
r 8.54 -0.14 0.04 0 0 0
r -3.12 3.4 -1.83 0 0 0
r 3.97 3.63 -0.77 0 0 0
r -6.91 -1.34 0.6 0 0 0
r -2.51 6.39 -0.06 0 0 0
r -7.75 -1.03 -0.13 0 0 0
r -2.6 4.73 -0.06 0 0 0
r 5.19 -1.38 2.15 0 0 0
r 0.35 -6.11 -1.37 0 0 0
r -2.91 -4.44 -0.8 0 0 0
r -6.23 1.63 -0.1 0 0 0
r -2.77 5.73 0.1 0 0 0
r -0.83 -6.14 -1.76 0 0 0
r 4.25 -4.17 -0.39 0 0 0
r 5.26 1.25 2.07 0 0 0
r 5.16 -0.97 0.84 0 0 0
r -1.71 -0.37 3.53 0 0 0
r 4.16 2.95 1.76 0 0 0
r -7.45 0.49 0.08 0 0 0
r 0.53 -4.98 -1.4 0 0 0
r 8.34 0.64 -0.02 0 0 0
r 4.57 -2.44 -1.57 0 0 0
r 2.55 -1.32 -3.04 0 0 0
r -5.84 0.1 2.51 0 0 0
r -4.92 -1.7 -0.58 0 0 0
r -1.9 -2.0 2.64 0 0 0
r 1.06 3.28 0.77 0 0 0
r 5.67 -0.97 -0.48 0 0 0
r 7.83 -0.4 -0.07 0 0 0
r 1.4 0.97 3.78 0 0 0
r -1.53 6.25 0.09 0 0 0
r -4.2 -0.03 -3.56 0 0 0
r -1.14 -5.72 2.11 0 0 0
r -2.04 -1.51 0.49 0 0 0
r -0.1 5.39 0.44 0 0 0
r 6.3 -0.4 -1.64 0 0 0
r -3.19 3.3 -0.81 0 0 0
r -4.66 2.95 0.94 0 0 0
r -1.87 -1.97 2.54 0 0 0
r -6.18 0.79 -1.24 0 0 0
r 3.93 1.49 1.75 0 0 0
r 0.62 7.0 0.78 0 0 0
r 2.27 -1.96 -1.76 0 0 0
r -7.18 -0.77 0.4 0 0 0
r 3.05 2.94 1.31 0 0 0
r 7.31 -0.8 -0.75 0 0 0
r -6.26 -0.27 -1.38 0 0 0
r 7.83 0.15 0.92 0 0 0
r 8.69 -0.01 0.19 0 0 0
r 1.42 7.06 0.51 0 0 0
r -3.28 -4.83 -0.57 0 0 0
r -5.04 2.56 -0.24 0 0 0
r -4.06 -0.18 -4.04 0 0 0
r 5.25 -0.09 2.3 0 0 0
r 2.54 4.14 2.01 0 0 0
r 7.14 0.21 -0.29 0 0 0
r 6.18 -1.09 0.44 0 0 0
r -6.21 -1.54 -0.07 0 0 0
r 7.85 -0.96 0.13 0 0 0
r 8.25 -0.08 0.51 0 0 0
r 5.13 -1.5 0.75 0 0 0
r 7.46 -0.27 -0.35 0 0 0
r -1.51 4.23 -0.15 0 0 0
r 8.59 -0.02 0.0 0 0 0
r -4.76 0.84 2.14 0 0 0
r -3.97 3.76 0.0 0 0 0
r -3.5 3.03 -0.74 0 0 0
r 2.73 5.32 0.43 0 0 0
r 6.34 -1.43 1.05 0 0 0
r -0.98 -2.75 5.21 0 0 0
r 3.68 2.13 -1.79 0 0 0
r 6.68 -1.0 0.8 0 0 0
r -0.88 -6.49 -0.19 0 0 0
r 1.3 6.94 0.54 0 0 0
r -2.01 -2.49 -0.72 0 0 0
r 8.52 0.16 -0.03 0 0 0
r 4.32 3.63 0.04 0 0 0
r -7.53 1.32 0.12 0 0 0
r -1.1 4.79 -2.22 0 0 0
r -0.41 1.6 -0.26 0 0 0
r -1.54 4.84 -1.18 0 0 0
r 2.87 2.01 -0.02 0 0 0
r 8.06 -0.43 -0.26 0 0 0
r -3.06 -1.23 1.13 0 0 0
r -3.06 4.54 0.44 0 0 0
r 5.38 -1.4 -0.59 0 0 0
r -4.61 1.97 -0.71 0 0 0
r 0.43 4.86 -2.57 0 0 0
r -0.46 1.76 -5.47 0 0 0
r 0.15 -2.4 -1.99 0 0 0
r -2.68 3.18 2.87 0 0 0
r -7.82 0.44 0.35 0 0 0
r -2.74 -0.28 4.12 0 0 0
r 0.31 -2.58 0.84 0 0 0
r 5.33 -0.11 -1.95 0 0 0
r -6.58 0.62 -0.14 0 0 0
r -2.99 4.2 1.78 0 0 0
r -0.22 -1.16 6.25 0 0 0
r -7.13 1.57 -0.15 0 0 0
r 1.02 -5.42 0.25 0 0 0
r 2.09 0.1 1.48 0 0 0
r 1.07 -2.88 -4.45 0 0 0
r -4.25 -0.14 2.66 0 0 0
r 7.11 0.76 -0.88 0 0 0
r 4.88 1.87 -1.09 0 0 0
r 0.67 2.98 2.86 0 0 0
r -5.25 1.62 -1.12 0 0 0
r 8.17 0.26 0.12 0 0 0
r -0.37 7.41 -1.05 0 0 0
r 1.1 -0.48 4.69 0 0 0
r 2.87 -0.05 -1.09 0 0 0
r -3.46 2.99 0.94 0 0 0
r -3.72 0.51 0.42 0 0 0
r -4.92 2.74 -0.04 0 0 0
r -2.02 1.67 -1.6 0 0 0
r -1.99 -1.13 0.96 0 0 0
r 7.22 -1.28 -0.21 0 0 0
r -4.81 2.59 0.53 0 0 0
r -2.93 -1.76 2.39 0 0 0
r 0.58 -6.55 -0.12 0 0 0
r -4.39 -0.77 1.55 0 0 0
r 6.06 0.36 0.33 0 0 0
r -4.98 3.25 -0.12 0 0 0
r 7.57 -0.43 0.4 0 0 0
r -0.68 0.51 -5.67 0 0 0
r 3.48 0.41 3.08 0 0 0
r 2.29 -1.69 -2.27 0 0 0
r -1.45 -1.11 5.16 0 0 0
r -0.3 -6.84 1.66 0 0 0
r -7.37 0.68 -0.41 0 0 0
r -3.05 4.59 -0.38 0 0 0
r -2.06 0.9 4.79 0 0 0
r -7.11 1.62 0.27 0 0 0
r -2.47 -4.69 0.91 0 0 0
r -5.78 2.52 0.63 0 0 0
r 0.24 3.75 4.13 0 0 0
r -5.08 0.0 0.45 0 0 0
r 5.69 1.32 -1.49 0 0 0
r 1.3 -3.51 3.55 0 0 0
r 1.35 -5.41 0.98 0 0 0
r 3.96 -2.33 1.01 0 0 0
r -6.31 -1.95 -0.05 0 0 0
r -3.56 -2.23 2.69 0 0 0
r 4.5 3.1 1.14 0 0 0
r 5.26 2.95 -0.06 0 0 0
r -2.49 6.02 -0.43 0 0 0
r -0.4 -5.0 0.14 0 0 0
r -4.81 0.13 0.16 0 0 0
r 7.17 0.81 0.07 0 0 0
r -0.74 0.0 1.7 0 0 0
r 3.21 -2.26 -1.67 0 0 0
r 0.34 -3.8 3.05 0 0 0
r 3.01 -4.35 0.22 0 0 0
r -5.73 1.45 1.05 0 0 0
r -1.94 -1.72 -2.56 0 0 0
r -6.94 0.35 -1.0 0 0 0
r 6.55 0.45 -0.68 0 0 0
r 6.15 2.37 -0.42 0 0 0
r -6.72 -0.72 0.16 0 0 0
r -2.46 -4.38 0.99 0 0 0
r -2.43 -5.16 0.98 0 0 0
r 6.28 -1.53 0.31 0 0 0
r -2.3 4.98 1.34 0 0 0
r -2.09 -4.86 -0.88 0 0 0
r 5.11 -1.31 -2.03 0 0 0
r 4.04 2.15 -0.74 0 0 0
r -6.95 -0.75 1.11 0 0 0
r -0.3 -2.45 -4.86 0 0 0
r 7.66 -0.24 0.14 0 0 0
r -4.36 0.59 3.49 0 0 0
r -0.36 -4.31 -2.16 0 0 0
r 4.46 -0.63 -1.82 0 0 0
r -6.59 -1.5 0.43 0 0 0
r -4.26 0.82 -2.76 0 0 0
r -6.52 2.18 -0.06 0 0 0
r 3.93 -4.01 -0.77 0 0 0
r -8.0 -0.36 -0.3 0 0 0
r -1.05 -6.27 1.08 0 0 0
r 8.66 -0.1 0.13 0 0 0
r 2.78 -5.07 -0.97 0 0 0
r -6.36 -0.61 -1.15 0 0 0
r -4.9 3.98 -0.01 0 0 0
r -0.88 -7.23 -0.4 0 0 0
r -3.61 1.79 -1.08 0 0 0
r 2.06 3.07 1.13 0 0 0
r -2.23 -5.59 0.72 0 0 0
r 4.38 0.55 1.78 0 0 0
r 2.27 6.01 0.38 0 0 0
r -5.08 1.16 -0.88 0 0 0
r 8.26 0.11 -0.14 0 0 0
r -1.86 1.91 -3.63 0 0 0
r -2.76 2.86 2.68 0 0 0
r -4.46 4.27 0.25 0 0 0
r -0.81 4.08 -3.35 0 0 0
r -4.17 3.6 -0.14 0 0 0
r 6.73 -1.27 0.06 0 0 0
r -4.97 -0.81 0.69 0 0 0
r 5.02 2.74 1.23 0 0 0
r 4.16 2.02 1.17 0 0 0
r -4.23 0.41 -1.31 0 0 0
r -5.5 -2.74 0.12 0 0 0
r -5.38 -2.28 0.94 0 0 0
r -0.4 0.53 2.59 0 0 0
r 7.52 0.88 0.25 0 0 0
r 1.33 6.52 -0.51 0 0 0
r 4.68 0.87 -0.13 0 0 0
r -1.68 1.16 -3.59 0 0 0
r 6.45 0.05 0.06 0 0 0
r -7.92 0.83 0.08 0 0 0
r -3.81 -3.42 0.09 0 0 0
r 3.43 2.73 -2.29 0 0 0
r -1.38 -0.22 -4.07 0 0 0
r 3.16 5.57 0.06 0 0 0
r -1.16 5.42 -1.39 0 0 0
r -6.92 -0.12 -0.57 0 0 0
r -1.03 4.46 -2.25 0 0 0
r -4.9 2.22 1.15 0 0 0
r 0.75 7.21 0.67 0 0 0
r -5.7 -0.52 -1.6 0 0 0
r -5.74 -2.17 0.48 0 0 0
r -5.3 1.18 -0.36 0 0 0
r 0.89 2.42 2.68 0 0 0
r 2.99 -1.14 -2.35 0 0 0
r 8.35 -0.26 -0.18 0 0 0
r -1.32 -4.35 2.06 0 0 0
r -1.09 -1.97 -1.65 0 0 0
r -7.67 -0.48 0.06 0 0 0
r -4.86 1.33 -2.36 0 0 0
r -3.31 -3.95 1.13 0 0 0
r 1.22 3.94 -3.2 0 0 0
r -0.41 1.55 -5.11 0 0 0
r 8.33 0.05 0.46 0 0 0
r 8.85 -0.06 -0.06 0 0 0
r -7.57 -0.76 0.44 0 0 0
r 8.37 -0.3 0.1 0 0 0
r -5.93 2.39 0.37 0 0 0
r -4.67 -3.4 0.64 0 0 0
r 5.38 0.12 2.97 0 0 0
r 5.09 -0.23 1.94 0 0 0
r -2.3 -4.61 -0.7 0 0 0
r -7.16 0.98 -0.72 0 0 0
r 1.02 2.91 2.21 0 0 0
r -7.89 0.05 -0.74 0 0 0
r 0.55 7.99 -0.29 0 0 0
r -3.63 3.86 -1.01 0 0 0
r 5.44 -2.05 -1.11 0 0 0
r -2.84 -4.3 0.67 0 0 0
r 5.75 -1.67 -0.49 0 0 0
r 3.35 1.01 -3.49 0 0 0
r -3.24 1.2 -2.55 0 0 0
r 0.65 -0.28 6.15 0 0 0
r -4.15 0.31 -1.15 0 0 0
r -1.72 4.9 -0.01 0 0 0
r -0.23 2.93 0.5 0 0 0
r 6.93 2.02 0.02 0 0 0
r 6.54 -1.5 -0.53 0 0 0
r 5.58 1.73 0.93 0 0 0
r -5.7 -2.01 -0.93 0 0 0
r -1.14 -0.5 -0.25 0 0 0
r 5.66 2.26 -0.32 0 0 0
r 6.08 -1.77 0.95 0 0 0
r 5.66 2.01 0.79 0 0 0
r 3.63 0.78 -3.57 0 0 0
r 3.01 -1.48 -2.56 0 0 0
r -1.17 -3.89 3.1 0 0 0
r -6.17 0.67 -0.6 0 0 0
r -1.82 4.35 -1.54 0 0 0
r -4.17 -1.27 -1.48 0 0 0
r -6.8 0.57 0.96 0 0 0
r 6.59 -1.27 -0.47 0 0 0
r 2.88 3.36 2.18 0 0 0
r 7.24 -1.36 0.26 0 0 0
r -7.49 -0.27 -0.06 0 0 0
r -6.53 0.49 1.28 0 0 0
r 3.41 1.44 -1.2 0 0 0
r 4.55 -1.55 -2.06 0 0 0
r -3.57 -2.54 -2.41 0 0 0
r -2.65 2.43 0.16 0 0 0
r -4.02 -2.73 1.85 0 0 0
r 1.1 -0.01 1.1 0 0 0
r -0.23 0.67 0.02 0 0 0
r -5.34 -0.37 -1.12 0 0 0
r -4.65 2.15 0.76 0 0 0
r -7.49 -0.53 0.11 0 0 0
r 3.15 4.97 -0.77 0 0 0
r -6.08 2.8 -0.05 0 0 0
r 1.5 -3.73 1.15 0 0 0
r 3.24 2.87 2.63 0 0 0
r 4.03 1.19 -2.33 0 0 0
r 6.17 0.05 0.81 0 0 0
r 2.0 -2.22 2.82 0 0 0
r 0.04 3.19 4.79 0 0 0
r -2.93 2.44 -2.06 0 0 0
r -1.41 -3.44 -1.8 0 0 0
r 0.06 5.01 0.41 0 0 0
r -3.82 3.63 0.98 0 0 0
r 1.9 -6.17 0.17 0 0 0
r -7.83 1.08 -0.07 0 0 0
r 4.21 -3.14 -1.14 0 0 0
r 6.23 2.61 0.0 0 0 0
r -5.6 -2.65 0.35 0 0 0
r 7.27 -0.56 -0.66 0 0 0
r 0.72 3.69 0.1 0 0 0
r 5.1 -1.03 1.8 0 0 0
r 5.59 -1.9 -0.46 0 0 0
r -1.45 4.54 1.32 0 0 0
r 5.82 0.98 1.64 0 0 0
r -2.29 2.21 -1.17 0 0 0
r -1.61 1.6 -1.72 0 0 0
r 1.97 -5.53 -0.81 0 0 0
r -1.33 -4.62 2.03 0 0 0
r 7.88 0.45 -0.5 0 0 0
r 8.85 -0.06 -0.03 0 0 0
r -6.55 2.11 -0.17 0 0 0
r -3.33 0.73 3.66 0 0 0
r 8.11 -0.68 0.05 0 0 0
r -2.92 0.88 -0.56 0 0 0
r -2.05 5.4 0.43 0 0 0
r -0.42 0.4 -4.06 0 0 0
r -6.32 0.44 -1.36 0 0 0
r -3.78 -1.2 1.98 0 0 0
r 2.34 3.96 -1.04 0 0 0
r -1.37 -3.48 1.38 0 0 0
r -1.9 -4.1 2.08 0 0 0
r -6.85 1.22 0.37 0 0 0
r 4.4 -3.57 0.14 0 0 0
r 6.93 1.25 0.03 0 0 0
r -0.6 5.07 -0.24 0 0 0
r 7.69 0.37 0.85 0 0 0
r -6.44 1.61 0.78 0 0 0
r 8.13 -0.22 -0.08 0 0 0
r 5.38 -1.74 -0.86 0 0 0
r 1.34 -2.66 -3.37 0 0 0
r 8.4 0.21 0.1 0 0 0
r -5.82 -1.89 0.65 0 0 0
r 2.54 -4.72 0.37 0 0 0
r -3.69 -2.91 -1.65 0 0 0
r 7.9 0.38 -0.38 0 0 0
r 4.01 -1.12 1.6 0 0 0
r -2.86 3.89 -0.24 0 0 0
r 2.73 -1.29 0.24 0 0 0
r -2.68 3.74 2.15 0 0 0
r -7.21 -0.27 -0.27 0 0 0
r 4.02 -1.47 -0.7 0 0 0
r 5.73 3.21 -0.02 0 0 0
r -3.61 2.25 1.28 0 0 0
r 1.68 4.77 1.98 0 0 0
r 4.68 -1.87 0.6 0 0 0
r 6.81 1.83 -0.28 0 0 0
r -2.91 4.36 -0.38 0 0 0
r 8.81 0.04 -0.09 0 0 0
r -7.3 -0.14 0.81 0 0 0
r 3.92 0.45 -0.21 0 0 0
r -4.61 -3.75 -0.07 0 0 0
r 0.11 5.44 2.36 0 0 0
r 1.82 6.63 -0.23 0 0 0
r -4.88 -0.01 -3.05 0 0 0
r 5.15 3.48 0.22 0 0 0
r -3.19 -2.48 -2.61 0 0 0
r 4.85 1.77 0.3 0 0 0
r 8.04 0.19 -0.19 0 0 0
r 8.15 0.47 0.15 0 0 0
r -6.55 -0.94 -0.51 0 0 0
r 2.95 5.53 -0.03 0 0 0
r -0.32 2.43 -4.1 0 0 0
r -5.97 -2.18 0.69 0 0 0
r -4.96 3.71 -0.1 0 0 0
r -5.54 -3.01 0.27 0 0 0
r -2.59 -5.0 0.09 0 0 0
r 6.71 -0.08 0.26 0 0 0
r 7.58 0.73 0.66 0 0 0
r -4.46 -3.99 -0.18 0 0 0
r -2.61 -3.72 -1.85 0 0 0
r 4.28 1.49 -0.32 0 0 0
r 8.9 -0.09 0.01 0 0 0
r 5.56 2.68 0.32 0 0 0
r 3.71 -3.91 -1.03 0 0 0
r 0.96 6.11 1.6 0 0 0
r -2.14 -1.52 -0.48 0 0 0
r -4.74 -3.56 -0.38 0 0 0
r -3.08 -1.76 0.66 0 0 0
r 4.5 -3.61 -0.71 0 0 0
r -5.73 -0.38 -0.66 0 0 0
r -0.74 4.42 1.03 0 0 0
r -0.49 -0.01 -1.79 0 0 0
r 3.15 2.47 -1.07 0 0 0
r -6.35 -2.24 0.4 0 0 0
r -0.26 -4.24 1.67 0 0 0
r -4.89 1.81 -1.22 0 0 0
r 3.43 2.25 1.32 0 0 0
r 3.8 -3.28 0.56 0 0 0
r 6.32 -1.41 0.21 0 0 0
r 2.55 -2.81 2.75 0 0 0
r 7.92 0.85 0.2 0 0 0
r 1.52 2.95 4.2 0 0 0
r -0.89 3.94 2.6 0 0 0
r -6.28 -0.18 1.8 0 0 0
r 4.55 2.14 0.34 0 0 0
r 4.79 0.27 -0.1 0 0 0
r 2.69 -0.28 -0.73 0 0 0
r -2.01 -1.24 2.84 0 0 0
r 3.2 -0.94 0.88 0 0 0
r -3.58 3.2 1.52 0 0 0
r 1.74 6.84 -0.05 0 0 0
r 2.28 -4.09 -0.47 0 0 0
r -2.5 5.77 0.13 0 0 0
r -6.82 1.71 0.09 0 0 0
r -6.42 -2.1 -0.19 0 0 0
r -7.67 -0.34 -0.45 0 0 0
r 0.33 -0.98 -6.82 0 0 0
r 2.97 0.51 1.82 0 0 0
r 2.27 -3.62 -1.49 0 0 0
r -0.63 0.5 -0.87 0 0 0
r 4.81 0.11 2.03 0 0 0
r 5.15 2.45 -0.12 0 0 0
r 0.41 5.03 -3.01 0 0 0
r -2.05 -1.62 -0.8 0 0 0
r -4.68 0.37 0.83 0 0 0
r 1.23 -5.42 0.74 0 0 0
r 6.58 1.36 -0.62 0 0 0
r -6.17 1.58 -1.0 0 0 0
r -1.72 1.53 1.08 0 0 0
r 2.87 1.92 -1.87 0 0 0
r -7.36 -0.67 -0.21 0 0 0
r 6.12 -1.41 1.33 0 0 0
r -8.01 0.14 -0.55 0 0 0
r -5.64 0.54 0.91 0 0 0
r 2.92 -1.86 2.01 0 0 0
r -4.94 2.19 0.62 0 0 0
r 6.32 -0.48 0.68 0 0 0
r 7.43 0.46 0.72 0 0 0
r 2.51 0.91 -4.16 0 0 0
r 8.31 0.11 0.57 0 0 0
r -7.24 0.34 0.19 0 0 0
r -4.4 2.67 1.53 0 0 0
r 1.78 0.15 -0.38 0 0 0
r 7.07 -0.09 0.01 0 0 0
r 6.93 -0.46 -0.44 0 0 0
r 6.71 0.4 -1.55 0 0 0
r 3.42 -2.57 1.99 0 0 0
r 4.0 1.76 -2.37 0 0 0
r -4.8 -3.15 -0.75 0 0 0
r 3.92 -1.23 -1.44 0 0 0
r 6.88 0.09 0.36 0 0 0
r -1.12 -3.57 -1.51 0 0 0
r -3.57 -1.21 -2.58 0 0 0
r -6.23 0.38 0.61 0 0 0
r -6.69 2.02 -0.26 0 0 0
r 8.53 0.15 -0.1 0 0 0
r 3.61 -1.39 1.78 0 0 0
r -1.56 -2.55 -1.06 0 0 0
r 0.02 1.21 0.11 0 0 0
r 4.68 2.12 1.76 0 0 0
r 4.14 -3.67 1.1 0 0 0
r -1.39 4.97 0.27 0 0 0
r 4.93 2.33 1.21 0 0 0
r 4.24 -1.07 -1.65 0 0 0
r 8.53 0.27 0.13 0 0 0
r -2.2 -2.7 2.0 0 0 0
r -3.23 0.83 -3.57 0 0 0
r -0.82 8.09 -0.02 0 0 0
r -7.99 0.98 0.03 0 0 0
r 0.55 -4.74 -0.93 0 0 0
r -2.09 -5.68 -0.98 0 0 0
r 6.63 -1.74 -0.23 0 0 0
r -1.29 -0.55 -6.36 0 0 0
r 5.57 3.28 0.07 0 0 0
r 7.45 -0.79 0.33 0 0 0
r 3.76 -4.26 0.33 0 0 0
r -5.77 -2.07 0.24 0 0 0
r -0.01 -6.08 -1.05 0 0 0
r -2.47 -2.03 0.66 0 0 0
r -0.76 0.67 -5.47 0 0 0
r 8.75 -0.19 -0.02 0 0 0
r 0.86 2.93 0.02 0 0 0
r 5.71 3.26 0.03 0 0 0
r 4.29 -2.67 -1.13 0 0 0
r 3.66 -2.01 0.29 0 0 0
r 6.06 0.56 -0.89 0 0 0
r 7.75 -0.34 -0.79 0 0 0
r -7.26 -1.55 -0.06 0 0 0
r 8.08 0.77 0.1 0 0 0
r -5.2 -1.82 -0.45 0 0 0
r -7.11 -0.17 -1.22 0 0 0
r 2.05 1.09 4.43 0 0 0
r 6.69 0.32 1.92 0 0 0
r 3.09 0.27 0.27 0 0 0
r -1.45 -4.79 2.61 0 0 0
r 8.67 -0.2 0.0 0 0 0
r -3.88 -0.72 1.01 0 0 0
r 5.16 -0.39 -2.13 0 0 0
r 5.39 -0.93 -0.55 0 0 0
r -3.9 -0.37 4.14 0 0 0
r 4.42 -3.98 -0.49 0 0 0
r -6.2 -0.05 -0.05 0 0 0
r 0.77 -1.67 -4.51 0 0 0
r -3.47 5.45 0.01 0 0 0
r -3.93 -3.26 -0.23 0 0 0
r -6.35 -0.71 -1.19 0 0 0
r 4.62 1.52 0.04 0 0 0
r -7.23 -1.37 0.4 0 0 0
r 2.16 -1.35 2.84 0 0 0
r 0.84 -6.54 -1.09 0 0 0
r 5.86 0.83 2.18 0 0 0
r 4.37 1.37 -0.84 0 0 0
r 6.61 1.61 -0.25 0 0 0
r 7.3 -0.49 -0.85 0 0 0
r 2.61 2.66 -1.49 0 0 0
r 1.23 0.59 -1.58 0 0 0
r -7.24 1.18 -0.35 0 0 0
r 4.72 0.05 -2.6 0 0 0
r -4.18 -0.94 1.22 0 0 0
r -7.01 -0.19 -1.31 0 0 0
r -4.66 0.93 -3.02 0 0 0
r -4.58 -2.07 -1.68 0 0 0
r -2.85 -4.0 1.91 0 0 0
r -4.2 0.44 2.62 0 0 0
r -5.69 2.98 0.16 0 0 0
r -5.26 -1.96 0.69 0 0 0
r -1.68 -3.52 2.32 0 0 0
r 7.65 0.8 0.38 0 0 0
r -4.74 1.07 0.59 0 0 0
r 6.32 0.45 0.82 0 0 0
r 1.19 1.19 4.99 0 0 0
r -1.87 5.76 1.04 0 0 0
r 1.29 -0.38 -4.41 0 0 0
r 2.41 -3.27 -1.57 0 0 0
r -2.31 4.88 0.14 0 0 0
r -1.2 4.34 -2.59 0 0 0
r -3.23 -4.53 -0.15 0 0 0
r -2.49 5.91 0.4 0 0 0
r 3.84 -0.41 3.83 0 0 0
r -3.8 -2.52 -0.62 0 0 0
r -6.6 0.79 -0.32 0 0 0
r 6.17 -0.94 -1.04 0 0 0
r -6.16 2.5 0.14 0 0 0
r 8.15 -0.7 -0.09 0 0 0
r 6.2 0.66 1.6 0 0 0
r 6.09 -0.73 1.22 0 0 0
r -1.22 4.76 2.25 0 0 0
r 4.33 3.58 -0.93 0 0 0
r -6.3 1.96 0.67 0 0 0
r 8.86 0.13 0.01 0 0 0
r -0.07 1.17 0.68 0 0 0
r 1.05 -0.44 0.24 0 0 0
r -7.86 -0.14 -0.2 0 0 0
r 2.69 5.19 -0.32 0 0 0
r -7.39 0.63 -0.35 0 0 0
r 2.41 -0.79 1.75 0 0 0
r 1.84 2.2 0.1 0 0 0
r 7.52 -0.32 -0.82 0 0 0
r 8.78 -0.03 0.11 0 0 0
r 8.84 0.07 0.08 0 0 0
r -1.03 -0.33 2.49 0 0 0
r -5.62 3.3 0.07 0 0 0
r 2.89 -2.76 1.9 0 0 0
r -5.41 -1.06 2.21 0 0 0
r 6.04 0.97 -1.33 0 0 0
r -3.35 5.07 0.26 0 0 0
r 4.07 3.1 0.48 0 0 0
r 0.65 -7.23 -0.2 0 0 0
r 4.08 -2.1 -1.87 0 0 0
r 0.83 -4.92 1.8 0 0 0
r 7.19 -0.43 -1.14 0 0 0
r -0.91 6.85 0.25 0 0 0
r -0.59 0.46 -2.27 0 0 0
r -4.11 0.56 -2.39 0 0 0
r -6.22 1.29 0.34 0 0 0
r 3.64 -3.19 -0.27 0 0 0
r -1.65 0.73 6.23 0 0 0
r 0.45 -1.76 2.53 0 0 0
r -7.6 1.16 -0.1 0 0 0
r -4.45 2.21 1.39 0 0 0
r 6.03 2.91 0.01 0 0 0
r 1.89 0.42 -1.08 0 0 0
r -4.99 -0.6 -2.61 0 0 0
r -2.59 -3.85 0.71 0 0 0
r -3.56 -3.35 -0.15 0 0 0
r -2.22 -0.44 -2.76 0 0 0
r -2.79 2.76 -1.01 0 0 0
r 1.07 5.22 -0.7 0 0 0
r 2.8 1.85 -2.81 0 0 0
r 8.79 -0.11 0.06 0 0 0
r -2.63 3.46 -0.56 0 0 0
r 6.03 0.77 -0.4 0 0 0
r -5.38 3.06 0.22 0 0 0
r -5.32 3.03 0.14 0 0 0
r -0.84 4.01 -2.34 0 0 0
r 8.33 -0.3 0.16 0 0 0
r 5.49 -2.45 -0.92 0 0 0
r -6.88 -0.88 -0.01 0 0 0
r 3.51 -0.67 -3.03 0 0 0
r 0.32 -5.57 2.7 0 0 0
r -3.85 0.04 -2.49 0 0 0
r 3.82 -3.81 -0.8 0 0 0
r 2.01 2.27 0.27 0 0 0
r 1.67 2.53 -0.73 0 0 0
r 4.43 0.62 -0.81 0 0 0
r 6.16 0.23 0.31 0 0 0
r -2.43 -4.78 -0.79 0 0 0
r 7.64 -0.53 -0.03 0 0 0
r 2.35 -3.83 -0.97 0 0 0
r -5.72 -0.84 1.77 0 0 0
r -5.68 2.79 0.08 0 0 0
r 2.18 -3.35 -2.86 0 0 0
r 8.76 0.12 0.02 0 0 0
r -3.86 2.92 2.02 0 0 0
r 3.91 4.08 0.48 0 0 0
r -3.11 -2.44 -0.45 0 0 0
r -0.46 -3.61 0.86 0 0 0
r 1.95 6.64 0.11 0 0 0
r -7.49 -0.26 0.36 0 0 0
r -6.36 -1.37 1.0 0 0 0
r -4.0 3.5 0.67 0 0 0
r -6.03 -1.68 0.95 0 0 0
r -7.96 -0.01 0.75 0 0 0
r -4.05 -1.78 3.09 0 0 0
r 7.49 -0.08 0.54 0 0 0
r 5.57 2.08 -0.87 0 0 0
r 2.76 -0.68 0.13 0 0 0
r 0.21 6.94 0.8 0 0 0
r -7.94 -0.43 -0.44 0 0 0
r 8.84 0.03 0.11 0 0 0
r -6.44 -1.84 0.5 0 0 0
r -7.32 1.65 0.02 0 0 0
r -3.25 0.2 -3.95 0 0 0
r -2.0 3.91 1.26 0 0 0
r -2.84 5.96 0.02 0 0 0
r -2.88 0.37 4.08 0 0 0
r 8.02 0.35 0.56 0 0 0
r -7.82 0.24 -0.45 0 0 0
r 2.58 -3.56 -1.7 0 0 0
r -1.09 -2.46 -0.76 0 0 0
r 1.3 -2.15 0.38 0 0 0
r -2.06 2.27 1.43 0 0 0
r -2.42 4.96 0.56 0 0 0
r -0.9 -6.4 1.62 0 0 0
r -7.86 -0.43 0.58 0 0 0
r -3.07 -4.79 -0.04 0 0 0
r -4.99 2.67 0.23 0 0 0
r 8.48 -0.06 0.15 0 0 0
r 6.9 0.23 0.27 0 0 0
r 0.48 -1.33 4.3 0 0 0
r 8.88 0.12 0.0 0 0 0
r 8.23 0.23 0.27 0 0 0
r -2.24 2.09 -0.39 0 0 0
r -6.76 1.51 -0.08 0 0 0
r -4.2 -1.29 0.48 0 0 0
r -2.3 -5.55 -0.78 0 0 0
r 4.49 -2.48 -1.07 0 0 0
r -0.85 -6.87 -0.9 0 0 0
r 6.63 -1.77 -0.4 0 0 0
r -1.71 -3.82 -3.06 0 0 0
r -5.41 -1.75 -0.61 0 0 0
r 7.34 0.88 -0.32 0 0 0
r 6.07 0.3 -0.11 0 0 0
r 2.14 0.64 -5.31 0 0 0
r 7.73 0.76 0.31 0 0 0
r -5.3 1.2 -1.29 0 0 0
r -1.87 3.17 0.94 0 0 0
r -0.97 6.76 1.19 0 0 0
r 2.46 -3.7 0.0 0 0 0
r 7.48 0.34 -0.78 0 0 0
r 4.46 3.43 0.24 0 0 0
r 1.0 5.4 -1.11 0 0 0
r -0.6 2.07 5.32 0 0 0
r -2.61 0.01 -0.81 0 0 0
r 5.63 -0.21 2.54 0 0 0
r 3.38 -3.49 1.44 0 0 0
r -4.23 1.83 0.33 0 0 0
r -0.7 5.77 -1.62 0 0 0
r 2.5 -4.93 -1.28 0 0 0
r -4.47 -3.35 -0.39 0 0 0
r 3.74 4.47 0.73 0 0 0
r -6.45 -1.09 -0.43 0 0 0
r 3.18 4.11 0.43 0 0 0
r 4.03 3.66 -0.36 0 0 0
r -7.43 0.81 0.53 0 0 0
r -3.02 2.14 -3.0 0 0 0
r -0.93 -5.97 -0.63 0 0 0
r 4.93 -1.69 0.84 0 0 0
r -7.74 1.12 -0.04 0 0 0
r -1.71 2.36 -2.66 0 0 0
r -5.9 -1.26 -0.41 0 0 0
r -4.93 1.95 1.23 0 0 0
r -5.7 -1.28 0.82 0 0 0
r -5.44 3.49 -0.02 0 0 0
r 7.88 -0.27 0.06 0 0 0
r 0.68 5.05 0.23 0 0 0
r -0.07 2.55 -5.61 0 0 0
r 5.93 2.1 -0.16 0 0 0
r 7.3 -0.41 -0.82 0 0 0
r 3.37 2.63 -1.44 0 0 0
r 0.07 -5.19 0.38 0 0 0
r -2.31 4.97 -0.02 0 0 0
r -2.03 6.56 0.14 0 0 0
r 0.67 5.57 -1.94 0 0 0
r -1.03 7.78 -0.06 0 0 0
r 7.2 -0.66 -0.5 0 0 0
r 8.55 -0.26 0.1 0 0 0
r -0.28 -7.1 0.0 0 0 0
r 4.49 3.07 0.1 0 0 0
r 6.76 2.19 0.02 0 0 0
r -5.83 2.01 0.59 0 0 0
r 6.3 1.51 0.23 0 0 0
r 7.3 0.61 -0.45 0 0 0
r 8.76 -0.09 -0.02 0 0 0
r -3.46 4.87 0.46 0 0 0
r 5.68 -2.71 0.11 0 0 0
r -1.17 4.06 -1.74 0 0 0
r 8.75 0.21 -0.03 0 0 0
r 6.94 0.03 -0.64 0 0 0
r -7.51 0.35 1.12 0 0 0
r -0.76 -4.01 3.6 0 0 0
r 0.08 6.25 -2.32 0 0 0
r -7.22 1.21 0.16 0 0 0
r -5.12 -3.45 -0.07 0 0 0
r -3.66 4.43 -0.71 0 0 0
r 7.41 0.96 -0.01 0 0 0
r -2.57 -1.66 3.46 0 0 0
r 1.99 5.18 0.07 0 0 0
r -2.26 -1.22 -3.8 0 0 0
r 5.4 1.8 0.87 0 0 0
r -5.62 2.1 1.01 0 0 0
r 2.63 -4.94 -0.01 0 0 0
r 4.37 -2.28 2.09 0 0 0
r -1.71 7.03 0.24 0 0 0
r -4.59 2.64 0.43 0 0 0
r -0.65 -2.64 -4.48 0 0 0
r 7.4 0.72 0.7 0 0 0
r -0.31 3.4 -3.97 0 0 0
r 8.26 -0.28 0.03 0 0 0
r 6.32 1.78 0.45 0 0 0
r 4.01 -2.91 -0.89 0 0 0
r 7.4 0.65 0.69 0 0 0
r 6.46 -0.95 -0.96 0 0 0
r -0.31 -5.65 0.6 0 0 0
r 3.65 -3.21 -0.64 0 0 0
r 4.62 -0.9 -0.33 0 0 0
r -7.6 0.79 -0.43 0 0 0
r -6.38 0.61 -0.15 0 0 0
r 4.56 2.14 -0.11 0 0 0
r 8.08 -0.59 -0.28 0 0 0
r -4.33 -1.46 2.41 0 0 0
r 8.63 0.08 0.12 0 0 0
r 3.24 1.72 2.22 0 0 0
r 7.68 -1.04 0.08 0 0 0
r 1.45 5.57 0.48 0 0 0
r 3.89 4.83 0.12 0 0 0
r 8.44 0.31 0.12 0 0 0
r -6.78 -1.26 -0.6 0 0 0
r 6.98 0.2 0.63 0 0 0
r -4.33 -0.93 0.05 0 0 0
r 6.28 -0.89 -0.93 0 0 0
r -1.65 2.3 -3.4 0 0 0
r -5.08 -2.73 0.92 0 0 0
r -6.81 1.36 -0.57 0 0 0
r -6.89 1.82 -0.14 0 0 0
r -1.99 -3.43 2.76 0 0 0
r 4.46 -2.39 1.37 0 0 0
r 8.57 0.12 0.03 0 0 0
r 5.23 -1.7 0.47 0 0 0
r 0.98 6.56 -0.71 0 0 0
r 0.51 3.31 0.63 0 0 0
r -6.64 -0.97 -0.88 0 0 0
r -7.33 0.32 -0.69 0 0 0
r 0.04 1.86 5.18 0 0 0
r -1.58 -3.63 -3.25 0 0 0
r -1.67 2.14 -0.02 0 0 0
r 3.85 -4.06 0.1 0 0 0
r -7.52 0.44 -0.65 0 0 0
r 2.21 -4.14 0.13 0 0 0
r -6.11 -0.4 0.68 0 0 0
r 8.79 0.06 -0.09 0 0 0
r -0.15 -4.55 2.53 0 0 0
r 0.42 -3.27 -4.36 0 0 0
r 5.19 1.88 -0.13 0 0 0
r -2.06 6.41 0.06 0 0 0
r 2.81 1.99 3.83 0 0 0
r -1.41 -3.92 -1.7 0 0 0
r -1.17 2.41 1.08 0 0 0
r -7.64 0.5 -0.38 0 0 0
r -6.31 -0.05 1.54 0 0 0
r 8.67 -0.23 0.07 0 0 0
r 2.89 1.86 1.67 0 0 0
r -3.54 2.95 1.07 0 0 0
r 3.16 -1.3 -2.24 0 0 0
r 0.65 -0.62 -1.47 0 0 0
r -4.49 -3.79 0.16 0 0 0
r -4.7 1.4 -1.3 0 0 0
r -0.73 -6.73 -0.25 0 0 0
r -3.57 -4.5 -0.58 0 0 0
r 0.37 -5.74 -1.49 0 0 0
r 2.35 -2.9 -0.65 0 0 0
r -5.07 2.81 -0.88 0 0 0
r 3.2 0.3 -1.07 0 0 0
r -4.65 2.96 -0.64 0 0 0
r 1.79 6.83 0.26 0 0 0
r 8.39 0.21 0.15 0 0 0
r -4.02 -0.73 -0.63 0 0 0
r -5.9 2.5 -0.34 0 0 0
r 2.8 -4.08 1.61 0 0 0
r -4.07 -0.32 2.7 0 0 0
r -2.65 -3.26 0.24 0 0 0
r -6.47 0.23 -1.9 0 0 0
r 3.05 -5.18 0.47 0 0 0
r -7.17 1.38 0.02 0 0 0
r 5.7 2.34 0.4 0 0 0
r -2.37 0.45 5.02 0 0 0
r 1.0 -2.85 -4.3 0 0 0
r 0.28 -0.24 5.78 0 0 0
r 6.46 -1.65 0.82 0 0 0
r -5.48 0.99 -0.64 0 0 0
r 0.26 -3.63 3.26 0 0 0
r -1.41 -1.59 4.11 0 0 0
r -1.27 -2.81 0.92 0 0 0
r -1.77 -1.26 -4.96 0 0 0
r -5.66 0.09 -1.3 0 0 0
r 5.71 -2.09 -0.48 0 0 0
r -0.43 -7.55 -0.27 0 0 0
r 8.9 0.0 -0.07 0 0 0
r 0.1 1.66 -0.71 0 0 0
r -2.23 1.03 0.92 0 0 0
r 7.99 -0.78 -0.08 0 0 0
r 7.56 -0.47 0.66 0 0 0
r 5.19 -3.37 0.15 0 0 0
r -3.66 -3.4 0.68 0 0 0
r 7.27 0.43 -0.11 0 0 0
r -6.18 -0.93 -1.46 0 0 0
r 5.37 2.01 1.08 0 0 0
r 7.5 0.3 0.26 0 0 0
r -2.58 -5.52 -0.17 0 0 0
r 6.8 -0.97 -0.1 0 0 0
r 7.32 -0.96 -0.45 0 0 0
r 8.42 -0.05 0.52 0 0 0
r 0.89 -0.59 -5.36 0 0 0
r -0.48 4.82 1.2 0 0 0
r 7.11 -0.27 0.41 0 0 0
r 2.4 -3.2 -0.76 0 0 0
r -6.95 1.47 0.01 0 0 0
r 3.71 4.53 -0.1 0 0 0
r -4.25 2.78 1.74 0 0 0
r -1.37 7.5 0.07 0 0 0
r -0.48 -3.3 1.36 0 0 0
r -7.7 -0.59 0.55 0 0 0
r 6.41 -1.07 0.91 0 0 0
r 1.88 -0.99 6.02 0 0 0
r -4.39 -2.22 1.05 0 0 0
r -7.65 -0.34 0.42 0 0 0
r 4.96 2.56 0.38 0 0 0
r 2.66 0.71 3.67 0 0 0
r 4.7 -0.08 -0.91 0 0 0
r 2.64 4.3 0.73 0 0 0
r 5.25 2.51 0.18 0 0 0
r 2.06 -4.78 -0.81 0 0 0
r -2.91 1.46 3.61 0 0 0
r 5.2 0.58 0.07 0 0 0
r -7.81 -0.85 -0.21 0 0 0
r 1.55 6.31 -0.94 0 0 0
r -7.28 0.47 0.4 0 0 0
r -5.34 -2.05 -0.24 0 0 0
r -0.33 -0.23 -7.18 0 0 0
r 5.84 -0.76 -1.42 0 0 0
r -1.49 3.1 1.57 0 0 0
r 2.63 -4.43 1.5 0 0 0
r 6.26 -0.26 -1.53 0 0 0
r -5.19 -0.2 1.41 0 0 0
r 5.46 3.46 0.08 0 0 0
r -3.72 -1.36 2.3 0 0 0
r -6.28 -0.72 1.1 0 0 0
r -7.94 0.8 -0.07 0 0 0
r -0.38 1.21 6.43 0 0 0
r -1.44 2.09 2.09 0 0 0
r -5.01 -1.09 -0.52 0 0 0
r 7.95 0.64 -0.09 0 0 0
r -4.5 2.3 0.15 0 0 0
r -4.31 3.07 0.69 0 0 0
r -4.28 -3.08 -0.52 0 0 0
r -0.68 2.44 -2.3 0 0 0
r 7.42 -0.98 0.55 0 0 0
r 1.89 4.08 0.23 0 0 0
r 7.59 1.0 0.35 0 0 0
r 2.41 -0.39 -1.82 0 0 0
r -1.69 3.87 0.73 0 0 0
r -7.28 -0.92 -0.51 0 0 0
r 5.91 -1.46 1.47 0 0 0
r 3.34 1.78 -1.96 0 0 0
r 5.82 -0.05 -1.39 0 0 0
r -4.76 -2.95 0.05 0 0 0
r 4.51 -2.76 -1.23 0 0 0
r -0.04 7.52 -0.44 0 0 0
r -4.26 1.73 -0.99 0 0 0
r -1.5 3.24 1.07 0 0 0
r -6.02 1.78 -0.53 0 0 0
r -2.61 0.26 -4.68 0 0 0
r -4.6 4.28 0.0 0 0 0
r 4.17 -3.95 0.78 0 0 0
r 6.47 0.08 -0.3 0 0 0
r 0.08 -6.23 1.33 0 0 0
r -0.79 3.26 -1.07 0 0 0
r -6.24 -2.1 -0.15 0 0 0
r -6.24 0.73 -1.49 0 0 0
r 7.38 0.42 0.18 0 0 0
r 2.87 1.31 -1.9 0 0 0
r -3.52 4.56 0.77 0 0 0
r -5.05 -0.49 0.09 0 0 0
r 0.56 1.25 -5.38 0 0 0
r 2.07 -4.04 0.06 0 0 0
r 1.67 -3.74 -0.64 0 0 0
r 0.15 7.26 -1.21 0 0 0
r -0.46 2.98 2.69 0 0 0
r -5.55 -1.02 -0.86 0 0 0
r 3.23 -2.5 1.41 0 0 0
r -2.1 -0.51 -1.63 0 0 0
r 4.36 2.69 1.16 0 0 0
r -0.07 2.71 3.15 0 0 0
r -3.68 4.3 -0.86 0 0 0
r 8.43 -0.38 0.07 0 0 0
r 4.5 0.21 -0.89 0 0 0
r 3.08 0.37 -3.32 0 0 0
r 6.6 0.77 0.95 0 0 0
r 8.3 -0.36 -0.03 0 0 0
r -4.84 -0.5 -2.85 0 0 0
r -2.02 5.93 -0.09 0 0 0
r -6.6 1.08 0.51 0 0 0
r -5.52 -0.65 -0.14 0 0 0
r 7.66 -0.04 -0.06 0 0 0
r -4.65 2.95 -0.35 0 0 0
r 6.03 -0.67 0.22 0 0 0
r -4.86 2.69 0.88 0 0 0
r -6.02 0.63 -0.54 0 0 0
r -7.02 -0.83 0.74 0 0 0
r 6.2 1.68 -0.27 0 0 0
r -3.51 3.61 0.78 0 0 0
r -7.65 0.5 -0.08 0 0 0
r 8.22 0.3 0.29 0 0 0
r -4.08 1.38 -0.5 0 0 0
r 0.07 0.84 -6.62 0 0 0
r -6.24 1.12 -0.47 0 0 0
r 1.5 4.77 -0.16 0 0 0
r 2.57 3.24 -2.71 0 0 0
r 6.74 -1.25 -0.56 0 0 0
r -2.44 -5.07 -0.34 0 0 0
r -5.64 -0.11 2.34 0 0 0
r -0.7 -6.61 0.19 0 0 0
r 1.22 6.08 0.96 0 0 0
r 0.45 4.81 -1.8 0 0 0
r -0.17 -1.06 -0.7 0 0 0
r -2.84 -4.81 -0.84 0 0 0
r 1.91 4.3 -1.68 0 0 0
r 5.19 -2.48 1.14 0 0 0
r 4.91 -0.53 0.96 0 0 0
r 3.02 4.88 0.31 0 0 0
r 5.99 -1.55 -0.06 0 0 0
r 4.86 3.52 0.38 0 0 0
r -4.53 0.85 -3.16 0 0 0
r -4.21 0.0 -2.4 0 0 0
r -2.66 0.79 -1.29 0 0 0
r 4.32 -3.3 1.32 0 0 0
r -4.14 2.49 0.73 0 0 0
r -4.18 -4.23 -0.01 0 0 0
r -5.74 -1.49 1.25 0 0 0
r 5.98 -0.5 0.44 0 0 0
r 5.61 1.5 1.36 0 0 0
r 3.83 -1.74 -0.22 0 0 0
r 0.05 -7.92 -0.89 0 0 0
r -7.95 -0.45 0.08 0 0 0
r -4.79 1.05 3.03 0 0 0
r -5.91 -1.56 -0.05 0 0 0
r 8.55 0.38 -0.05 0 0 0
r 3.36 -2.58 0.51 0 0 0
r 2.67 -0.58 3.24 0 0 0
r -3.1 -4.17 0.98 0 0 0
r -2.26 -5.3 -0.84 0 0 0
r 2.2 -4.72 -0.75 0 0 0
r -5.02 -0.84 0.81 0 0 0
r 1.25 2.09 -1.52 0 0 0
r -6.82 2.1 0.05 0 0 0
r 8.52 0.06 -0.29 0 0 0
r -6.65 1.26 0.11 0 0 0
r -2.7 2.87 0.16 0 0 0
r 0.76 1.6 -1.08 0 0 0
r 2.58 -1.57 0.68 0 0 0
r -6.16 -0.06 -0.17 0 0 0
r -0.81 1.61 2.76 0 0 0
r -4.65 -2.62 1.17 0 0 0
r -0.87 -5.27 0.23 0 0 0
r -7.0 1.5 0.4 0 0 0
r 0.99 1.42 2.18 0 0 0
r -5.48 1.83 0.79 0 0 0
r 2.53 -4.54 0.99 0 0 0
r -6.37 0.7 -1.37 0 0 0
r -5.37 -1.47 -1.52 0 0 0
r 7.6 -0.44 -0.62 0 0 0
r -4.04 -2.51 -1.13 0 0 0
r -4.58 3.55 0.73 0 0 0
r -1.58 1.89 3.22 0 0 0
r 2.2 5.99 0.61 0 0 0
r 0.05 2.86 -2.03 0 0 0
r 1.79 -3.14 -0.56 0 0 0
r 5.73 -1.27 1.5 0 0 0
r -7.91 -0.23 0.26 0 0 0
r 7.6 0.57 -0.4 0 0 0
r 6.08 -2.3 -0.16 0 0 0
r -7.3 -0.92 -0.42 0 0 0
r 1.59 6.77 -0.54 0 0 0
r -1.44 2.07 2.51 0 0 0
r 3.18 2.81 2.37 0 0 0
r 1.58 4.77 -2.25 0 0 0
r -3.84 2.1 2.94 0 0 0
r -2.6 5.61 0.43 0 0 0
r 6.07 -0.03 1.68 0 0 0
r -7.9 0.73 0.19 0 0 0
r 5.09 -1.45 -1.57 0 0 0
r 3.3 -0.93 -0.6 0 0 0
r 7.71 -0.85 0.05 0 0 0
r 4.39 1.73 2.65 0 0 0
r -7.04 -0.26 -1.46 0 0 0
r 0.58 -1.82 1.85 0 0 0
r -2.32 4.25 1.33 0 0 0
r 8.45 0.31 -0.06 0 0 0
r -7.51 1.35 0.06 0 0 0
r 6.03 -0.02 -2.24 0 0 0
r 7.39 0.48 0.3 0 0 0
r 0.54 -0.84 3.09 0 0 0
r 5.43 3.14 0.0 0 0 0
r -1.78 3.45 -2.76 0 0 0
r 1.46 -0.55 -3.64 0 0 0
r -1.47 -3.11 3.52 0 0 0
r -3.49 -2.24 2.34 0 0 0
r -6.28 1.86 0.38 0 0 0
r -7.58 -0.06 0.32 0 0 0
r 1.08 7.39 -0.29 0 0 0
r -2.1 -0.17 -0.52 0 0 0
r 5.6 -1.97 0.8 0 0 0
r -1.29 4.67 0.52 0 0 0
r 0.17 -4.19 0.41 0 0 0
r 4.8 -0.28 -0.86 0 0 0
r 6.4 -1.46 0.26 0 0 0
r -0.26 -5.57 2.4 0 0 0
r -1.24 -5.83 -0.51 0 0 0
r -3.87 -1.44 -1.2 0 0 0
r 4.2 -3.09 -0.55 0 0 0
r -7.8 -0.05 0.24 0 0 0
r -0.07 6.79 -0.09 0 0 0
r -1.38 4.73 -0.91 0 0 0
r -6.82 0.43 1.65 0 0 0
r 3.67 -0.72 0.72 0 0 0
r 4.3 -4.01 -0.59 0 0 0
r 2.75 6.13 0.01 0 0 0
r 7.13 1.56 -0.08 0 0 0
r 7.46 0.5 0.55 0 0 0
r 7.8 -0.82 -0.25 0 0 0
r -5.89 -2.12 -0.08 0 0 0
r 3.63 1.09 0.27 0 0 0
r 7.12 1.7 -0.15 0 0 0
r -4.54 -0.55 -1.57 0 0 0
r 5.79 -1.87 0.29 0 0 0
r 3.49 -4.76 0.32 0 0 0
r 5.87 -1.5 1.6 0 0 0
r 7.48 -1.06 -0.33 0 0 0
r 3.14 -0.29 0.73 0 0 0
r 6.96 -1.65 0.18 0 0 0
r -1.25 -2.29 -2.46 0 0 0
r 2.46 4.69 1.45 0 0 0
r -6.41 -0.04 1.15 0 0 0
r 1.26 7.14 -0.32 0 0 0
r -0.99 -4.95 2.87 0 0 0
r 4.78 -3.57 0.26 0 0 0
r 8.46 0.18 -0.28 0 0 0
r -6.02 2.4 0.54 0 0 0
r -3.08 0.93 0.94 0 0 0
r 0.55 7.07 -0.42 0 0 0
r 2.2 -1.66 -0.34 0 0 0
r 2.29 2.33 3.26 0 0 0
r -4.68 4.01 0.17 0 0 0
r 6.54 -1.7 0.62 0 0 0
r 4.6 2.36 0.39 0 0 0
r -7.79 -0.09 1.03 0 0 0
r 2.45 5.98 0.4 0 0 0
r -7.06 1.24 -0.06 0 0 0
r -4.87 2.05 -0.01 0 0 0
r -7.73 0.91 0.14 0 0 0
r -3.63 -3.19 1.02 0 0 0
r -2.88 -3.76 0.78 0 0 0
r -1.32 4.3 2.28 0 0 0
r -4.44 -3.86 0.64 0 0 0
r 0.74 2.06 -2.71 0 0 0
r 4.35 -2.53 1.37 0 0 0
r -6.06 1.06 1.6 0 0 0
r 8.44 0.23 -0.18 0 0 0
r 6.73 1.08 -0.11 0 0 0
r -5.49 -0.09 -2.95 0 0 0
r 1.45 -1.64 -3.87 0 0 0
r -3.58 -0.23 -4.4 0 0 0
r 2.53 -5.31 -0.69 0 0 0
r 3.84 -2.45 -2.14 0 0 0
r -7.63 0.97 0.07 0 0 0
r 2.1 -1.38 -0.28 0 0 0
r 1.03 -2.05 -1.73 0 0 0
r 0.86 1.51 2.85 0 0 0
r -6.21 1.78 -0.05 0 0 0
r -4.64 0.58 0.14 0 0 0
r 1.17 -3.55 -0.5 0 0 0
r 0.77 -3.75 -2.66 0 0 0
r 6.12 -0.74 1.73 0 0 0
r 0.05 -7.26 -1.14 0 0 0
r -2.79 -3.3 -2.23 0 0 0
r -7.28 -0.51 0.29 0 0 0
r 3.63 3.08 1.37 0 0 0
r 1.01 -5.17 -2.05 0 0 0
r 1.65 -0.01 -6.19 0 0 0
r -4.49 0.83 -1.93 0 0 0
r 0.72 -6.11 -0.39 0 0 0
r 0.22 2.43 3.51 0 0 0
r 2.02 3.37 -0.6 0 0 0
r -5.24 -0.41 0.01 0 0 0
r -2.25 -2.72 -0.54 0 0 0
r 5.1 -1.94 -0.82 0 0 0
r 0.7 -0.72 -3.0 0 0 0
r 0.33 2.47 0.88 0 0 0
r 5.47 -1.65 -0.21 0 0 0
r 3.07 1.94 1.57 0 0 0
r 5.33 -0.87 -2.48 0 0 0
r 6.26 0.05 0.53 0 0 0
r -4.29 2.43 1.35 0 0 0
r 3.67 2.02 2.4 0 0 0
r 2.9 0.3 3.59 0 0 0
r -0.07 -1.07 4.66 0 0 0
r 2.55 0.95 5.23 0 0 0
r 7.14 1.42 -0.13 0 0 0
r -7.06 0.72 0.0 0 0 0
r -2.37 -5.1 0.72 0 0 0
r 7.31 0.64 -0.47 0 0 0
r 1.23 3.07 -0.17 0 0 0
r 7.98 0.51 0.25 0 0 0
r -6.94 1.77 -0.1 0 0 0
r 8.48 0.51 -0.01 0 0 0
r 5.96 1.81 -0.32 0 0 0
r -6.68 -1.92 -0.16 0 0 0
r -1.52 2.72 2.1 0 0 0
r 4.67 -2.12 0.79 0 0 0
r 6.51 2.01 -0.15 0 0 0
r 1.79 6.71 0.44 0 0 0
r 4.02 2.91 -0.59 0 0 0
r -4.68 -0.88 1.68 0 0 0
r 5.66 1.97 -0.33 0 0 0
r 3.59 -4.0 1.32 0 0 0
r 4.38 4.43 -0.03 0 0 0
r -0.62 1.98 2.28 0 0 0
r -5.95 -0.35 -1.89 0 0 0
r -6.95 1.08 0.28 0 0 0
r 2.41 3.81 -0.41 0 0 0
r 0.8 -4.39 2.08 0 0 0
r -7.31 1.12 -0.03 0 0 0
r 1.3 3.04 -3.47 0 0 0
r 3.91 0.0 -3.03 0 0 0
r 1.47 -2.79 1.42 0 0 0
r -3.33 -2.76 1.31 0 0 0
r 1.2 -0.37 5.17 0 0 0
r 5.81 -2.62 -0.08 0 0 0
r -3.34 5.55 0.08 0 0 0
r 2.5 6.08 0.38 0 0 0
r -0.92 -6.21 1.72 0 0 0
r 7.73 -1.02 0.03 0 0 0
r -5.18 -3.18 -0.49 0 0 0
r -0.74 2.24 -3.9 0 0 0
r 1.55 1.84 1.47 0 0 0
r 2.82 -4.65 -0.63 0 0 0
r 3.37 0.54 0.64 0 0 0
r -2.86 -5.34 0.2 0 0 0
r -3.27 -0.72 -3.92 0 0 0
r -2.07 0.36 -2.69 0 0 0
r -0.81 0.38 1.29 0 0 0
r 2.33 -4.04 -1.42 0 0 0
r 7.98 0.87 -0.11 0 0 0
r -5.79 -0.44 1.3 0 0 0
r -3.18 -0.84 2.68 0 0 0
r -6.01 1.66 0.2 0 0 0
r -6.48 0.07 -0.11 0 0 0
r 2.47 2.09 -3.7 0 0 0
r -3.36 3.01 -0.17 0 0 0
r -4.2 4.06 0.15 0 0 0
r -5.67 -2.32 -0.53 0 0 0
r 8.74 -0.2 0.01 0 0 0
r 5.08 -2.11 1.55 0 0 0
r 6.54 -0.89 -0.81 0 0 0
r 2.64 -2.01 2.01 0 0 0
r -2.17 -0.68 -0.17 0 0 0
r -5.71 3.17 -0.09 0 0 0
r 0.95 3.1 -2.05 0 0 0
r -7.01 1.14 0.26 0 0 0
r -3.5 -1.44 -1.07 0 0 0
r 5.36 -1.83 1.05 0 0 0
r 3.37 -0.34 2.32 0 0 0
r 1.08 -6.85 -0.08 0 0 0
r -6.09 0.08 2.55 0 0 0
r -7.88 0.99 -0.11 0 0 0
r 0.06 2.15 5.67 0 0 0
r 6.97 0.96 -0.88 0 0 0
r 3.21 4.15 -1.45 0 0 0
r -5.66 2.09 -0.68 0 0 0
r 3.53 2.05 1.03 0 0 0
r -0.72 3.37 1.56 0 0 0
r 5.43 0.65 2.54 0 0 0
r 8.46 0.51 -0.02 0 0 0
r 2.87 -3.31 1.7 0 0 0
r 0.79 4.14 -3.56 0 0 0
r 0.74 2.0 2.39 0 0 0
r 3.4 1.06 1.87 0 0 0
r 0.7 5.22 -0.36 0 0 0
r -2.73 -1.76 -2.24 0 0 0
r -5.01 3.22 0.08 0 0 0
r 1.31 0.38 -5.69 0 0 0
r -4.92 2.03 0.75 0 0 0
r -4.25 3.96 0.4 0 0 0
r -5.12 -2.21 1.17 0 0 0
r 0.98 -5.61 0.07 0 0 0
r 7.06 -0.35 0.86 0 0 0
r -6.35 -0.35 1.09 0 0 0
r -4.41 3.73 0.57 0 0 0
r 7.89 -0.47 -0.38 0 0 0
r -1.58 -0.69 2.72 0 0 0
r -4.53 -0.23 -1.43 0 0 0
r -6.86 1.28 -0.33 0 0 0
r 1.5 4.62 -1.32 0 0 0
r -2.43 6.02 0.53 0 0 0
r 6.78 1.23 0.63 0 0 0
r 3.16 -2.63 2.14 0 0 0
r 0.08 -4.68 -0.07 0 0 0
r 7.53 0.62 -0.07 0 0 0
r -0.3 1.15 3.55 0 0 0
r 0.58 2.23 4.99 0 0 0
r 4.55 0.75 -2.29 0 0 0
r -0.52 -0.37 -3.27 0 0 0
r -7.94 0.71 -0.14 0 0 0
r -1.99 5.72 1.0 0 0 0
r -2.93 3.69 -1.82 0 0 0
r -4.93 1.17 2.07 0 0 0
r 3.88 1.65 -1.46 0 0 0
r -6.1 0.58 1.86 0 0 0
r -7.11 -1.43 -0.19 0 0 0
r -0.18 7.19 1.25 0 0 0
r 3.01 2.02 0.66 0 0 0
r 5.45 0.39 1.79 0 0 0
r 8.33 0.07 0.18 0 0 0
r -7.78 -0.33 -0.59 0 0 0
r -4.48 1.45 1.95 0 0 0
r -3.8 2.33 1.61 0 0 0
r 5.06 2.02 -0.26 0 0 0
r -4.2 1.76 -1.2 0 0 0
r -4.65 1.37 1.83 0 0 0
r -0.6 -2.51 -2.55 0 0 0
r -1.5 3.78 0.28 0 0 0
r 1.07 -1.05 3.52 0 0 0
r 2.02 0.84 1.75 0 0 0
r -0.91 1.58 1.21 0 0 0
r -3.76 1.16 2.6 0 0 0
r 4.39 -2.79 0.38 0 0 0
r 6.46 1.96 0.36 0 0 0
r -2.52 1.5 2.07 0 0 0
r 7.21 0.24 -0.03 0 0 0
r -6.94 -1.17 -0.25 0 0 0
r 6.79 1.58 -0.11 0 0 0
r 4.47 1.52 1.05 0 0 0
r 5.36 -2.92 -0.61 0 0 0
r -6.35 1.1 0.81 0 0 0
r 7.65 0.2 0.69 0 0 0
r -5.05 3.63 -0.23 0 0 0
r 2.83 -0.53 -4.01 0 0 0
r 8.41 -0.07 0.19 0 0 0
r 5.08 2.81 -0.35 0 0 0
r -7.29 -0.47 -0.98 0 0 0
r -0.71 1.54 2.39 0 0 0
r 8.78 -0.09 -0.05 0 0 0
r -3.15 -3.61 -1.77 0 0 0
r -0.58 1.32 6.07 0 0 0
r -0.74 -5.51 -2.29 0 0 0
r 5.7 -0.46 2.13 0 0 0
r 6.01 -0.85 2.11 0 0 0
r 6.64 1.93 0.3 0 0 0
r -2.87 3.92 -1.02 0 0 0
r -7.21 -1.24 -0.3 0 0 0
r 0.59 -0.59 1.62 0 0 0
r -5.07 2.99 -0.03 0 0 0
r 7.81 -0.93 0.09 0 0 0
r -3.28 -3.14 -1.73 0 0 0
r -7.46 -0.64 -0.63 0 0 0
r 6.67 -1.31 0.32 0 0 0
r -5.0 -0.43 2.4 0 0 0
r -0.46 4.59 1.78 0 0 0
r 2.16 -5.68 -0.93 0 0 0
r 2.72 4.13 -1.83 0 0 0
r -0.69 -3.55 -2.46 0 0 0
r 5.55 -1.61 0.75 0 0 0
r -5.08 0.02 2.42 0 0 0
r -4.8 3.59 -0.34 0 0 0
r 0.99 5.42 0.18 0 0 0
r 4.5 -0.57 -0.73 0 0 0
r -5.8 -2.42 -0.28 0 0 0
r -0.55 1.51 -4.26 0 0 0
r 3.21 4.94 0.7 0 0 0
r 4.16 1.5 -1.45 0 0 0
r -4.37 -2.44 1.48 0 0 0
r -5.62 0.64 -0.7 0 0 0
r -1.72 -1.05 2.78 0 0 0
r 2.18 -0.59 1.83 0 0 0
r 2.67 -0.68 -1.11 0 0 0
r -5.03 2.46 1.18 0 0 0
r -2.73 4.81 -0.02 0 0 0
r -0.74 1.91 1.71 0 0 0
r 6.09 1.48 0.93 0 0 0
r -2.34 -2.41 -2.44 0 0 0
r 4.94 -0.02 1.4 0 0 0
r 8.28 0.0 0.64 0 0 0
r 8.12 -0.6 -0.07 0 0 0
r -2.83 3.73 2.25 0 0 0
r 8.48 -0.11 -0.04 0 0 0
r -7.22 -0.89 0.18 0 0 0
r 4.91 3.99 0.02 0 0 0
r 3.41 -1.98 -2.16 0 0 0
r -2.81 5.97 0.11 0 0 0
r 4.44 -2.27 -1.02 0 0 0
r 0.88 6.5 0.31 0 0 0
r -1.7 -0.72 3.94 0 0 0
r 4.79 -3.14 0.92 0 0 0
r 0.88 -6.66 -0.29 0 0 0
r -2.07 -6.16 0.13 0 0 0
r -0.23 -5.25 2.06 0 0 0
r -1.07 1.58 5.47 0 0 0
r 3.21 5.04 0.25 0 0 0
r 4.32 -3.56 -0.32 0 0 0
r 8.04 -0.11 -0.63 0 0 0
r -3.88 -1.4 -2.91 0 0 0
r -7.94 0.2 -0.47 0 0 0
r 7.35 -1.1 0.31 0 0 0
r -7.99 0.7 0.16 0 0 0
r -4.28 -3.48 -0.26 0 0 0
r 7.06 -1.17 0.29 0 0 0
r 3.75 4.58 0.04 0 0 0
r 5.27 -0.16 -0.27 0 0 0
r 7.84 -0.03 -0.12 0 0 0
r -7.93 -0.72 -0.2 0 0 0
r -2.43 -3.68 -2.05 0 0 0
r -1.98 5.36 0.44 0 0 0
r 3.39 0.63 -3.04 0 0 0
r -6.76 0.8 0.75 0 0 0
r -1.04 1.21 0.14 0 0 0
r -6.92 -0.75 0.71 0 0 0
r 7.45 -0.16 0.6 0 0 0
r 0.8 -3.11 2.7 0 0 0
r -5.82 0.57 -2.15 0 0 0
r -1.12 3.33 3.02 0 0 0
r -2.71 2.11 0.14 0 0 0
r -2.82 -3.97 0.98 0 0 0
r -7.48 0.82 0.24 0 0 0
r 0.91 -4.86 -2.15 0 0 0
r -7.84 -0.25 -0.04 0 0 0
r -3.18 0.92 -3.36 0 0 0
r -4.91 3.84 0.15 0 0 0
r 1.59 -4.87 1.91 0 0 0
r 7.15 -1.37 0.24 0 0 0
r -5.08 3.51 0.37 0 0 0
r -5.64 0.64 2.03 0 0 0
r 1.19 6.04 -0.11 0 0 0
r -4.21 -0.93 -0.29 0 0 0
r -3.52 0.39 3.77 0 0 0
r 6.35 -1.77 0.57 0 0 0
r -4.21 -1.74 0.04 0 0 0
r 5.1 3.26 -0.19 0 0 0
r 5.28 -2.19 -1.32 0 0 0
r 8.85 -0.06 0.0 0 0 0
r 7.02 0.85 -0.35 0 0 0
r -0.88 6.34 -1.02 0 0 0
r 3.69 -1.41 -3.45 0 0 0
r 1.27 1.8 -1.46 0 0 0
r 2.18 2.38 3.77 0 0 0
r -5.02 3.43 -0.33 0 0 0
r -0.48 4.05 3.25 0 0 0
r -4.58 0.86 3.52 0 0 0
r 3.01 3.27 -2.12 0 0 0
r 2.68 0.29 -0.08 0 0 0
r -3.74 4.55 -0.48 0 0 0
r 6.85 0.09 1.71 0 0 0
r 2.23 -1.54 -3.51 0 0 0
r 1.16 2.77 0.59 0 0 0
r -7.95 -0.27 -0.57 0 0 0
r -7.67 1.0 -0.02 0 0 0
r -5.0 0.61 1.69 0 0 0
r 1.13 4.95 -1.76 0 0 0
r -2.4 -4.32 -1.37 0 0 0
r 1.46 -0.65 -2.26 0 0 0
r 7.48 0.39 0.79 0 0 0
r -0.33 4.38 -3.36 0 0 0
r 6.89 1.15 0.95 0 0 0
r -0.65 -1.44 -5.37 0 0 0
r -0.75 0.09 -3.25 0 0 0
r -2.68 3.91 0.69 0 0 0
r 4.55 -2.5 1.39 0 0 0
r -5.74 -2.42 0.42 0 0 0
r -4.88 0.58 -0.03 0 0 0
r -6.81 -1.51 -0.13 0 0 0
r -3.66 4.27 0.85 0 0 0
r 5.15 -0.97 0.63 0 0 0
r 8.16 -0.74 0.0 0 0 0
r -1.66 -4.97 0.82 0 0 0
r 1.13 -2.86 4.14 0 0 0
r 1.71 -3.26 -0.82 0 0 0
r -1.13 -2.91 -2.18 0 0 0
r -5.13 1.22 2.08 0 0 0
r -6.27 -1.31 0.64 0 0 0
r 8.1 -0.16 0.22 0 0 0
r 8.52 0.37 0.07 0 0 0
r -3.07 4.06 1.48 0 0 0
r 0.79 -2.88 -1.92 0 0 0
r 6.84 -0.01 1.69 0 0 0
r 4.34 -1.36 0.5 0 0 0
r -4.07 4.77 0.0 0 0 0
r 0.36 -0.85 2.61 0 0 0
r -3.61 0.87 4.45 0 0 0
r 8.17 -0.53 0.26 0 0 0
r -1.56 -2.56 -0.96 0 0 0
r -0.35 -0.98 1.43 0 0 0
r -3.16 -2.49 -2.68 0 0 0
r 6.68 0.82 -0.02 0 0 0
r -5.66 -0.14 -1.72 0 0 0
r 0.31 7.31 1.29 0 0 0
r 6.78 -0.52 1.58 0 0 0
r 2.77 3.16 0.63 0 0 0
r -3.3 -3.69 -1.61 0 0 0
r 2.2 5.51 -0.74 0 0 0
r -3.55 -2.47 -0.84 0 0 0
r -5.65 -2.65 -0.08 0 0 0
r 1.26 -1.74 -3.01 0 0 0
r 5.09 2.28 -0.23 0 0 0
r 3.09 2.86 -0.22 0 0 0
r 2.95 -2.95 1.64 0 0 0
r 4.65 2.29 -0.2 0 0 0
r -0.39 -6.66 1.19 0 0 0
r -3.44 -1.88 2.0 0 0 0
r -7.73 0.59 -0.61 0 0 0
r 0.99 5.31 -1.43 0 0 0
r -0.35 2.16 1.31 0 0 0
r 4.85 3.61 -0.33 0 0 0
r 2.89 2.22 3.09 0 0 0
r 6.95 -1.67 0.16 0 0 0
r -4.81 1.05 0.6 0 0 0
r -2.4 -3.12 3.22 0 0 0
r 2.05 5.43 1.42 0 0 0
r 6.86 0.23 1.82 0 0 0
r -4.17 0.54 -1.42 0 0 0
r 8.39 -0.06 0.37 0 0 0
r -4.88 -3.63 0.37 0 0 0
r -0.84 2.27 1.08 0 0 0
r -2.45 4.62 -0.74 0 0 0
r 0.37 -3.61 -2.7 0 0 0
r 7.51 -0.81 0.65 0 0 0
r 8.77 -0.15 0.07 0 0 0
r 7.87 -0.55 0.32 0 0 0
r 0.78 -7.32 -0.57 0 0 0
r -3.45 -2.94 1.33 0 0 0
r 1.53 -5.08 0.52 0 0 0
r -3.13 5.48 0.03 0 0 0
r 1.25 -0.19 1.69 0 0 0
r -6.2 2.55 -0.2 0 0 0
r 3.35 1.52 0.46 0 0 0
r -7.55 -1.08 0.04 0 0 0
r 4.91 1.36 -1.13 0 0 0
r -3.17 3.84 0.44 0 0 0
r -6.37 2.39 -0.09 0 0 0
r -2.67 -4.97 -0.54 0 0 0
r 7.09 0.1 0.76 0 0 0
r -0.34 6.64 -0.97 0 0 0
r -6.96 0.59 0.71 0 0 0
r 0.17 -2.77 -4.62 0 0 0
r -0.31 0.91 6.25 0 0 0
r 3.49 2.15 1.41 0 0 0
r -7.57 1.29 -0.05 0 0 0
r -4.03 1.47 3.3 0 0 0
r 7.49 -0.57 0.26 0 0 0
r -0.11 6.96 0.79 0 0 0
r 7.72 0.44 -0.63 0 0 0
r -1.23 -0.82 4.86 0 0 0
r 3.53 1.34 2.15 0 0 0
r 5.78 1.6 0.21 0 0 0
r 8.39 -0.53 0.05 0 0 0
r 0.02 -2.67 -0.53 0 0 0
r -5.81 -2.43 0.56 0 0 0
r -6.45 -1.47 1.03 0 0 0
r 8.6 -0.08 0.11 0 0 0
r 7.26 -0.21 0.94 0 0 0
r -2.83 3.68 -0.65 0 0 0
r 8.18 0.29 -0.14 0 0 0
r 1.61 -4.53 -1.29 0 0 0
r -5.75 1.19 -0.62 0 0 0
r 3.23 -3.2 2.37 0 0 0
r -0.41 -1.85 -2.6 0 0 0
r -7.1 0.63 1.13 0 0 0
r 2.79 2.52 -2.0 0 0 0
r 4.77 -1.85 -1.96 0 0 0
r 5.88 -1.86 -0.06 0 0 0
r -4.54 1.52 1.39 0 0 0
r 0.59 5.93 -1.77 0 0 0
r -1.88 -5.2 1.32 0 0 0
r -0.68 -0.83 2.73 0 0 0
r 5.39 0.43 1.11 0 0 0
r 1.6 0.32 -4.09 0 0 0
r -7.78 -0.95 -0.02 0 0 0
r -2.67 2.15 0.67 0 0 0
r 1.07 -2.56 -1.85 0 0 0
r 6.35 -1.07 0.8 0 0 0
r -2.06 3.31 0.3 0 0 0
r -0.82 -5.41 0.99 0 0 0
r 2.78 5.83 0.37 0 0 0
r 3.14 -1.24 -0.42 0 0 0
r 0.3 1.95 5.4 0 0 0
r 1.71 -4.1 3.07 0 0 0
r -3.27 -3.44 -1.9 0 0 0
r 4.82 0.96 2.55 0 0 0
r 1.78 -5.89 -0.34 0 0 0
r -1.11 1.65 -3.85 0 0 0
r -4.76 2.58 -0.56 0 0 0
r 5.05 -1.47 0.44 0 0 0
r -7.73 -1.07 0.02 0 0 0
r 1.98 -3.27 -3.19 0 0 0
r 0.99 5.62 2.17 0 0 0
r 8.03 -0.49 -0.11 0 0 0
r -7.53 0.64 0.28 0 0 0
r 5.55 2.74 -0.32 0 0 0
r 2.99 2.43 -1.73 0 0 0
r 0.59 1.93 3.36 0 0 0
r -1.87 0.16 -4.08 0 0 0
r 5.46 0.11 0.04 0 0 0
r 7.58 0.25 -0.85 0 0 0
r 1.45 -0.57 -3.3 0 0 0
r -1.8 -1.32 5.39 0 0 0
r -3.8 0.55 -1.03 0 0 0
r -5.98 -1.03 1.46 0 0 0
r 5.05 -0.69 1.61 0 0 0
r 3.61 -2.09 0.4 0 0 0
r 2.7 -5.15 0.53 0 0 0
r 1.34 -5.93 -1.15 0 0 0
r -5.05 2.7 -0.7 0 0 0
r 7.44 0.75 -0.24 0 0 0
r 2.0 4.95 1.18 0 0 0
r 4.74 -0.54 2.87 0 0 0
r -4.6 0.2 2.17 0 0 0
r -3.08 -2.18 -1.39 0 0 0
r -0.85 -6.04 1.19 0 0 0
r -3.95 -3.2 -0.6 0 0 0
r 5.14 -2.98 0.67 0 0 0
r -2.57 -4.01 1.32 0 0 0
r -2.85 -4.81 0.14 0 0 0
r 5.86 2.88 0.15 0 0 0
r 4.76 2.91 0.96 0 0 0
r -3.14 5.2 0.54 0 0 0
r -1.28 -5.9 -0.2 0 0 0
r 8.69 -0.18 0.05 0 0 0
r 3.9 -2.2 0.86 0 0 0
r 3.73 -0.86 -0.51 0 0 0
r -7.08 1.18 -0.1 0 0 0
r -1.58 -1.05 -0.21 0 0 0
r -7.11 -0.79 0.64 0 0 0
r -1.38 6.31 -0.14 0 0 0
r 4.81 -2.41 1.01 0 0 0
r 6.0 2.26 -0.17 0 0 0
r 7.4 -0.05 -0.33 0 0 0
r 1.5 -3.42 -0.26 0 0 0
r -3.64 -0.3 2.46 0 0 0
r 0.17 1.83 -4.84 0 0 0
r -1.71 3.09 -0.08 0 0 0
r 7.11 1.06 -0.36 0 0 0
r -0.59 7.19 -0.67 0 0 0
r -0.97 5.01 1.53 0 0 0
r 1.13 1.39 3.79 0 0 0
r 7.86 -0.64 0.03 0 0 0
r -2.02 -5.32 -0.51 0 0 0
r -3.72 4.19 -0.21 0 0 0
r -6.05 -2.33 -0.06 0 0 0
r 4.75 2.16 -1.66 0 0 0
r 5.3 -1.22 1.97 0 0 0
r 0.82 4.19 -1.36 0 0 0
r -7.72 -1.06 0.1 0 0 0
r 7.48 1.2 0.07 0 0 0
r 4.8 3.13 -0.47 0 0 0
r 7.13 0.59 0.76 0 0 0
r 8.73 -0.11 -0.14 0 0 0
r -0.05 4.06 -1.57 0 0 0
r 8.04 0.06 0.5 0 0 0
r -3.29 3.67 -1.14 0 0 0
r -5.53 3.39 0.06 0 0 0
r 8.39 0.24 0.28 0 0 0
r -0.96 5.94 -0.7 0 0 0
r 3.16 1.31 1.98 0 0 0
r 7.93 -0.77 0.15 0 0 0
r 0.91 -0.76 -6.27 0 0 0
r 8.63 -0.16 -0.04 0 0 0
r -6.06 0.51 0.69 0 0 0
r 2.22 4.73 1.49 0 0 0
r 2.99 0.18 3.95 0 0 0
r -5.92 0.43 2.35 0 0 0
r 2.44 -1.52 -0.91 0 0 0
r 8.01 0.2 0.75 0 0 0
r -0.15 2.14 -1.39 0 0 0
r -5.85 2.03 0.65 0 0 0
r -3.81 3.12 0.55 0 0 0
r -6.06 1.84 -0.37 0 0 0
r 5.89 0.49 -0.98 0 0 0
r -3.45 -2.47 2.32 0 0 0
r 1.47 -4.98 -1.47 0 0 0
r 4.85 -0.25 -2.1 0 0 0
r -6.48 2.41 0.01 0 0 0
r 6.52 -1.45 -0.41 0 0 0
r -4.44 2.0 -1.69 0 0 0
r 0.9 4.6 -1.45 0 0 0
r 5.4 -3.07 -0.22 0 0 0
r 7.69 1.05 -0.05 0 0 0
r 3.85 -1.35 1.03 0 0 0
r 4.32 2.9 0.22 0 0 0
r -1.82 -3.27 2.54 0 0 0
r 7.64 -0.31 -0.15 0 0 0
r 5.08 -2.1 0.85 0 0 0
r 1.57 -0.79 -1.91 0 0 0
r -4.1 -2.44 2.31 0 0 0
r -6.54 -0.56 -1.63 0 0 0
r -3.47 1.05 -0.04 0 0 0
r 1.04 -3.41 -3.65 0 0 0
r -6.91 -0.72 1.35 0 0 0
r -7.37 1.48 0.13 0 0 0
r -6.63 0.26 0.94 0 0 0
r -2.43 -4.51 0.07 0 0 0
r -4.67 4.28 0.02 0 0 0
r -5.6 -1.76 1.16 0 0 0
r 7.31 0.63 -0.46 0 0 0
r -2.13 3.62 2.22 0 0 0
r 8.32 0.0 0.52 0 0 0
r -1.87 -0.22 -2.28 0 0 0
r 0.9 -3.85 -3.6 0 0 0
r -5.0 1.79 0.01 0 0 0
r 4.49 3.74 -0.27 0 0 0
r 5.99 2.89 -0.09 0 0 0
r -2.92 -0.36 5.36 0 0 0
r -0.24 -4.9 -0.88 0 0 0
r -2.0 3.42 1.82 0 0 0
r 4.97 1.02 1.57 0 0 0
r 5.38 1.66 -1.48 0 0 0
r -1.53 5.41 0.53 0 0 0
r 0.25 5.25 -1.23 0 0 0
r -4.82 -1.48 1.51 0 0 0
r 5.51 -3.11 -0.26 0 0 0
r -1.09 -6.04 -0.05 0 0 0
r -4.47 4.12 0.29 0 0 0
r 6.19 0.93 1.5 0 0 0
r 6.21 2.18 0.11 0 0 0
r 6.46 -1.6 0.9 0 0 0
r 7.49 1.27 -0.03 0 0 0
r 0.88 -5.72 -1.17 0 0 0
r 6.17 -1.12 -0.1 0 0 0
r -1.51 4.57 -1.7 0 0 0
r 1.32 3.52 0.32 0 0 0
r -6.79 -1.58 0.11 0 0 0
r -6.62 -1.71 0.6 0 0 0
r -6.38 -1.49 0.86 0 0 0
r 5.25 0.34 3.15 0 0 0
r -7.21 -1.25 -0.48 0 0 0
r -5.5 -1.98 -0.91 0 0 0
r 6.99 -0.48 -0.51 0 0 0
r 1.37 0.98 1.27 0 0 0
r 6.72 1.62 -0.39 0 0 0
r -1.97 -3.58 -0.24 0 0 0
r -1.05 -2.74 -1.12 0 0 0
r -1.45 -4.16 -0.07 0 0 0
r 4.63 -1.0 -2.3 0 0 0
r 6.57 0.68 1.57 0 0 0
r 6.4 -0.85 -1.31 0 0 0
r 6.24 0.15 -1.5 0 0 0
r -3.71 0.59 -3.63 0 0 0
r -6.64 0.79 -0.17 0 0 0
r -0.95 -6.66 -0.53 0 0 0
r 3.16 0.21 -4.73 0 0 0
r -0.82 0.61 3.63 0 0 0
r -4.5 2.08 1.39 0 0 0
r 1.41 7.0 0.04 0 0 0
r -3.31 -3.09 0.96 0 0 0
r 4.82 -1.22 2.3 0 0 0
r 6.19 -1.8 -0.57 0 0 0
r 3.18 -1.59 3.03 0 0 0
r 3.09 1.46 -0.48 0 0 0
r -6.99 -0.44 0.13 0 0 0
r -4.97 0.81 0.06 0 0 0
r -7.19 -0.83 0.39 0 0 0
r 6.85 -0.17 0.32 0 0 0
r -3.42 -4.64 0.83 0 0 0
r -4.13 -2.4 -1.89 0 0 0
r -1.35 -0.12 5.03 0 0 0
r -2.89 -0.44 -1.99 0 0 0
r 6.34 -1.28 -0.53 0 0 0
r 6.15 0.46 0.15 0 0 0
r 6.85 -1.46 0.44 0 0 0
r 3.94 2.52 -0.16 0 0 0
r 0.01 -6.73 -1.74 0 0 0
r -5.97 2.83 0.14 0 0 0
r -1.93 4.56 1.46 0 0 0
r -4.12 -0.44 -2.17 0 0 0
r 1.07 7.61 0.12 0 0 0
r -7.44 1.3 0.18 0 0 0
r 2.29 -3.89 -0.93 0 0 0
r 0.61 -2.53 -4.3 0 0 0
r -4.0 -4.36 0.36 0 0 0
r -4.02 -1.02 2.35 0 0 0
r 5.58 0.84 -0.67 0 0 0
r -0.91 3.42 -3.75 0 0 0
r 4.36 -1.42 2.17 0 0 0
r 0.85 1.38 6.44 0 0 0
r -5.7 2.34 0.35 0 0 0
r -5.93 0.37 -1.21 0 0 0
r 7.72 1.23 -0.04 0 0 0
r -5.68 0.52 -2.01 0 0 0
r -0.9 -6.48 -0.17 0 0 0
r 7.6 0.32 -0.62 0 0 0
r 7.25 0.01 -0.46 0 0 0
r -2.26 0.0 -5.05 0 0 0
r -3.48 -2.45 0.24 0 0 0
r 0.75 -0.2 6.3 0 0 0
r -2.9 -4.63 0.65 0 0 0
r -7.13 -0.95 0.55 0 0 0
r -0.88 -3.1 -1.74 0 0 0
r -4.64 -3.43 0.79 0 0 0
r 2.78 1.38 0.7 0 0 0
r 3.57 -2.83 1.57 0 0 0
r 5.94 1.87 0.68 0 0 0
r 7.22 -0.15 1.53 0 0 0
r -0.26 2.95 -3.93 0 0 0
r -0.35 -0.43 -6.35 0 0 0
r 7.82 0.44 -0.09 0 0 0
r -3.63 -2.65 -0.63 0 0 0
r 1.13 3.64 4.18 0 0 0
r 0.59 -1.32 -3.36 0 0 0
r -4.54 -3.03 0.67 0 0 0
r -6.54 -1.48 -0.55 0 0 0
r -0.75 2.34 -1.96 0 0 0
r 1.28 7.16 -0.15 0 0 0
r 6.92 -0.71 1.31 0 0 0
r 0.77 5.91 1.83 0 0 0
r -2.4 -3.45 -1.31 0 0 0
r -7.61 0.11 1.21 0 0 0
r -2.78 3.47 1.19 0 0 0
r -7.41 -0.39 0.68 0 0 0
r 5.36 0.05 -1.18 0 0 0
r 2.96 -4.95 -0.74 0 0 0
r -3.32 -0.91 2.4 0 0 0
r -3.47 -2.23 0.95 0 0 0
r 8.0 -0.5 -0.22 0 0 0
r 2.44 3.24 1.66 0 0 0
r -0.93 -1.98 1.44 0 0 0
r -4.28 -4.2 0.27 0 0 0
r -5.85 -1.54 -0.74 0 0 0
r -0.51 7.43 0.93 0 0 0
r -3.0 5.19 0.35 0 0 0
r -1.47 -3.54 0.51 0 0 0
r -6.23 -1.41 0.9 0 0 0
r 8.4 -0.21 -0.13 0 0 0
r -7.99 -0.64 0.11 0 0 0
r -4.05 4.83 0.08 0 0 0
r -7.72 -0.68 -0.29 0 0 0
r -3.32 0.59 3.87 0 0 0
r -0.1 -5.62 0.85 0 0 0
r 8.83 -0.15 -0.02 0 0 0
r -0.92 -2.74 -2.99 0 0 0
r -6.66 2.28 0.02 0 0 0
r 4.81 -0.46 2.35 0 0 0
r 5.73 -1.05 -0.99 0 0 0
r 1.0 -0.05 -0.97 0 0 0
r 3.49 -0.28 -4.54 0 0 0
r 5.49 -2.4 -0.07 0 0 0
r -1.31 -1.29 3.61 0 0 0
r -6.45 2.04 0.12 0 0 0
r -3.54 4.81 -0.56 0 0 0
r -1.65 5.69 0.08 0 0 0
r -4.04 2.26 2.2 0 0 0
r -4.99 0.79 2.23 0 0 0
r -2.94 -2.96 -0.79 0 0 0
r -5.99 -1.82 -0.55 0 0 0
r 4.97 -1.53 1.66 0 0 0
r 2.82 1.17 0.94 0 0 0
r -6.65 2.11 0.22 0 0 0
r -2.04 3.56 -1.35 0 0 0
r -0.29 -7.14 -0.74 0 0 0
r -5.55 2.22 0.2 0 0 0
r 8.32 0.5 -0.02 0 0 0
r -1.97 5.93 -0.9 0 0 0
r -0.16 -6.93 -0.54 0 0 0
r 3.36 4.66 -0.53 0 0 0
r -1.76 -5.64 -1.35 0 0 0
r 6.8 0.88 -0.35 0 0 0
r -5.95 -0.33 0.57 0 0 0
r -0.19 1.91 -1.8 0 0 0
r 1.39 1.67 -4.38 0 0 0
r 7.75 -0.19 -0.41 0 0 0
r 3.43 -2.57 1.1 0 0 0
r -2.62 3.59 1.11 0 0 0
r 6.64 -1.33 -0.8 0 0 0
r -7.31 0.47 0.66 0 0 0
r 5.88 -1.28 -1.03 0 0 0
r 5.08 0.61 2.78 0 0 0
r -7.01 1.79 -0.1 0 0 0
r -2.0 2.61 -0.12 0 0 0
r 3.17 -3.41 -0.26 0 0 0
r 7.46 1.07 -0.06 0 0 0
r -2.03 6.75 -0.03 0 0 0
r 2.25 1.2 3.46 0 0 0
r 5.43 -1.96 -1.11 0 0 0
r -5.13 -0.74 -2.59 0 0 0
r 0.5 5.86 0.5 0 0 0
r -5.71 1.98 0.03 0 0 0
r -7.01 -1.08 -0.6 0 0 0
r -0.71 -2.14 3.29 0 0 0
r 0.84 1.54 -4.16 0 0 0
r 5.68 2.59 0.66 0 0 0
r 2.39 -5.42 0.48 0 0 0
r 8.68 0.24 -0.02 0 0 0
r 4.91 -1.37 -2.04 0 0 0
r 2.32 -0.31 1.22 0 0 0
r -7.65 -0.44 -0.1 0 0 0
r 7.96 -0.31 0.44 0 0 0
r 1.27 -4.27 2.58 0 0 0
r -5.3 -2.91 -0.3 0 0 0
r -5.97 1.84 0.71 0 0 0
r -5.02 -2.32 1.53 0 0 0
r 3.13 -4.72 1.11 0 0 0
r -4.11 1.56 2.74 0 0 0
r 4.68 -3.49 -0.18 0 0 0
r -4.33 1.73 -1.92 0 0 0
r 1.37 -6.35 -0.83 0 0 0
r -2.64 -2.06 -3.05 0 0 0
r -5.67 0.36 0.22 0 0 0
r 6.42 2.06 0.12 0 0 0
r -3.8 -2.43 -2.06 0 0 0
r -5.26 3.12 0.48 0 0 0
r 8.45 0.47 0.06 0 0 0
r -3.31 -4.14 0.52 0 0 0
r -4.15 0.62 -1.88 0 0 0
r -2.44 -5.32 0.07 0 0 0
r -0.13 -4.45 3.06 0 0 0
r 1.38 0.42 -3.8 0 0 0
r 1.56 -2.01 -4.14 0 0 0
r 4.72 2.78 0.91 0 0 0
r 0.95 6.13 -1.63 0 0 0
r 0.59 7.14 0.84 0 0 0
r -4.92 1.66 2.02 0 0 0
r 1.94 0.03 -3.73 0 0 0
r 7.05 -0.99 0.56 0 0 0
r -1.02 0.96 2.05 0 0 0
r 6.29 1.42 -1.03 0 0 0
r -5.16 -0.91 -0.59 0 0 0
r 7.99 0.27 -0.02 0 0 0
r -3.72 5.21 0.01 0 0 0
r 3.6 -4.07 -0.77 0 0 0
r -1.59 -2.5 0.25 0 0 0
r -7.1 1.4 0.16 0 0 0
r 3.41 -1.62 -2.76 0 0 0
r 8.01 -0.68 -0.26 0 0 0
r 6.12 -1.09 0.86 0 0 0
r -3.19 -3.5 1.83 0 0 0
r 2.98 5.39 -0.48 0 0 0
r 4.14 -0.99 -0.39 0 0 0
r -4.81 0.38 3.02 0 0 0
r -5.93 2.26 -0.28 0 0 0
r 5.86 -0.78 -1.98 0 0 0
r -2.53 1.45 1.81 0 0 0
r 2.56 4.79 -0.37 0 0 0
r -2.22 -2.33 1.53 0 0 0
r -6.66 0.52 -1.6 0 0 0
r 1.94 1.02 0.84 0 0 0
r -3.74 -1.01 -2.89 0 0 0
r 7.26 1.07 0.16 0 0 0
r 8.81 -0.14 -0.04 0 0 0
r 2.1 -2.65 -0.35 0 0 0
r 6.63 0.23 -0.7 0 0 0
r 4.29 0.27 4.34 0 0 0
r -1.9 -6.28 0.45 0 0 0
r 8.15 0.01 -0.44 0 0 0
r -0.31 -2.93 -2.77 0 0 0
r -4.89 2.26 0.31 0 0 0
r 3.96 -1.23 2.16 0 0 0
r 6.4 0.64 0.25 0 0 0
r -6.14 2.8 -0.02 0 0 0
r 7.27 -0.63 0.55 0 0 0
r 6.14 1.14 1.15 0 0 0
r 0.9 -5.35 1.24 0 0 0
r -6.69 0.1 1.62 0 0 0
r 6.98 1.72 -0.2 0 0 0
r -7.03 -0.58 -0.01 0 0 0
r -6.07 -1.37 0.37 0 0 0
r 5.01 -0.77 0.81 0 0 0
r 3.58 1.05 4.07 0 0 0
r 6.84 -0.62 0.99 0 0 0
r -7.62 0.01 0.7 0 0 0
r -3.41 0.01 3.4 0 0 0
r -5.25 -0.38 1.05 0 0 0
r -7.5 0.11 0.2 0 0 0
r -7.49 1.21 -0.26 0 0 0
r 3.57 4.36 -0.06 0 0 0
r 1.83 4.02 -1.89 0 0 0
r -3.94 0.84 4.06 0 0 0
r -1.44 1.06 -2.16 0 0 0
r 8.18 -0.5 0.22 0 0 0
r -0.41 -2.85 -2.49 0 0 0
r -5.87 -1.0 1.18 0 0 0
r 4.39 -1.82 0.95 0 0 0
r -2.53 2.33 -2.5 0 0 0
r 5.8 -0.22 -0.32 0 0 0
r -7.67 -0.65 0.62 0 0 0
r 6.21 -1.04 1.28 0 0 0
r 5.13 1.62 1.89 0 0 0
r -6.88 -0.48 -0.14 0 0 0
r 4.16 -1.13 -0.85 0 0 0
r -4.3 1.59 -2.33 0 0 0
r 6.8 1.57 -0.09 0 0 0
r -5.88 0.51 1.04 0 0 0
r -0.36 -7.39 -0.52 0 0 0
r 7.18 1.62 -0.1 0 0 0
r 5.78 1.27 1.5 0 0 0
r -7.42 -1.07 0.48 0 0 0
r 6.77 1.13 -0.57 0 0 0
r 3.31 -3.82 0.27 0 0 0
r -0.19 0.11 5.35 0 0 0
r 2.69 4.06 1.9 0 0 0
r 2.21 -3.08 1.75 0 0 0
r 4.14 -1.99 -2.31 0 0 0
r 5.54 1.91 -1.0 0 0 0
r -4.08 0.72 -3.06 0 0 0
r 6.06 2.02 0.04 0 0 0
r -4.42 -3.95 0.03 0 0 0
r -2.72 -2.29 -1.47 0 0 0
r 1.74 -2.91 0.44 0 0 0
r 0.96 0.25 0.77 0 0 0
r -6.38 -0.96 1.56 0 0 0
r -5.85 2.15 0.54 0 0 0
r 7.43 1.36 -0.19 0 0 0
r 6.81 -0.66 -0.87 0 0 0
r -4.19 0.45 0.2 0 0 0
r -6.98 -0.78 0.72 0 0 0
r -1.21 5.71 -1.0 0 0 0
r 8.09 0.38 -0.26 0 0 0
r 1.12 7.06 -0.66 0 0 0
r -6.29 2.51 0.02 0 0 0
r -1.46 1.91 0.0 0 0 0
r -1.8 -5.39 -1.28 0 0 0
r -4.24 3.86 0.08 0 0 0
r 5.88 1.88 0.55 0 0 0
r 0.51 6.95 0.01 0 0 0
r 6.92 -0.95 -0.38 0 0 0
r -7.92 -0.46 0.46 0 0 0
r 7.79 -0.7 -0.03 0 0 0
r 1.61 3.86 2.45 0 0 0
r 3.3 0.72 2.91 0 0 0
r -2.26 5.47 -0.28 0 0 0
r 3.35 5.12 -0.06 0 0 0
r 4.26 1.53 1.31 0 0 0
r 0.82 -1.0 6.07 0 0 0
r -6.24 -1.53 -0.84 0 0 0
r -3.09 -1.1 -2.07 0 0 0
r -3.89 2.47 -1.06 0 0 0
r 7.03 -0.55 -0.01 0 0 0
r -1.01 -2.88 0.52 0 0 0
r -4.83 2.44 1.45 0 0 0
r 8.51 -0.37 0.0 0 0 0
r -7.18 -0.33 1.14 0 0 0
r -2.0 -0.88 1.77 0 0 0
r -5.08 3.55 0.24 0 0 0
r 2.15 -4.2 2.11 0 0 0
r 8.57 0.17 0.24 0 0 0
r 6.91 -1.39 -0.3 0 0 0
r 6.06 0.6 1.48 0 0 0
r -1.46 2.68 -1.81 0 0 0
r 2.58 -1.66 -1.26 0 0 0
r 0.17 -6.1 -0.31 0 0 0
r 5.63 3.32 0.0 0 0 0
r 6.13 0.11 0.78 0 0 0
r -5.2 2.58 0.14 0 0 0
r -4.47 0.81 2.39 0 0 0
r 8.83 0.02 0.08 0 0 0
r 0.46 -7.54 0.55 0 0 0
r -4.0 -0.35 0.77 0 0 0
r -5.07 -2.11 -1.11 0 0 0
r -1.12 -6.46 -0.09 0 0 0
r 4.37 -0.88 -2.5 0 0 0
r 6.56 -0.92 0.42 0 0 0
r -5.14 0.36 -2.5 0 0 0
r -7.4 0.24 0.19 0 0 0
r 8.72 0.27 0.01 0 0 0
r -0.72 7.03 -0.58 0 0 0
r 6.23 1.74 -0.44 0 0 0
r 6.49 -1.99 -0.44 0 0 0
r -1.55 7.07 -0.05 0 0 0
r 2.18 0.23 -0.72 0 0 0
r -0.56 -1.5 3.78 0 0 0
r 7.49 -0.29 -0.38 0 0 0
r -5.99 -1.28 0.43 0 0 0
r 7.19 -0.1 1.31 0 0 0
r 1.53 7.18 0.17 0 0 0
r -5.69 -0.69 1.11 0 0 0
r 0.98 -7.12 -0.53 0 0 0
r 5.74 -1.44 0.0 0 0 0
r 0.89 4.75 -2.59 0 0 0
r -5.43 -2.05 -0.03 0 0 0
r -3.56 2.93 1.33 0 0 0
r 6.35 -1.72 0.56 0 0 0
r 4.18 4.62 -0.05 0 0 0
r -1.28 -5.71 0.39 0 0 0
r 0.21 6.85 -0.38 0 0 0
r 3.53 -2.77 0.91 0 0 0
r 5.43 0.24 1.53 0 0 0
r -2.7 2.38 3.85 0 0 0
r -0.67 2.08 -2.02 0 0 0
r -2.43 5.66 -0.19 0 0 0
r 1.24 0.73 -1.85 0 0 0
r -7.2 -0.08 -1.08 0 0 0
r 1.35 0.4 -5.02 0 0 0
r -7.79 0.66 0.49 0 0 0
r 1.32 7.49 -0.17 0 0 0
r -2.02 -2.56 0.24 0 0 0
r 0.46 7.68 0.22 0 0 0
r -0.88 -4.65 2.06 0 0 0
r -1.68 -5.2 -0.4 0 0 0
r 1.01 1.28 0.58 0 0 0
r 5.36 0.87 -0.53 0 0 0
r -1.13 0.73 2.23 0 0 0
r 0.59 -0.87 4.78 0 0 0
r 8.04 -0.49 -0.38 0 0 0
r -1.49 2.19 -2.21 0 0 0
r -3.17 5.72 -0.05 0 0 0
r 5.3 3.28 0.19 0 0 0
r -5.77 0.91 -0.75 0 0 0
r 7.64 -0.51 -0.03 0 0 0
r 3.16 1.7 -2.99 0 0 0
r 6.61 2.15 0.0 0 0 0
r 8.55 0.05 -0.32 0 0 0
r -4.08 2.91 -0.15 0 0 0
r -1.64 0.53 -4.76 0 0 0
r -6.68 1.71 -0.02 0 0 0
r -0.35 2.62 2.54 0 0 0
r -2.69 1.94 0.36 0 0 0
r -0.73 -0.78 -4.37 0 0 0
r -2.21 0.33 -4.78 0 0 0
r -4.34 0.04 3.23 0 0 0
r 6.52 2.1 0.25 0 0 0
r 5.18 3.21 0.45 0 0 0
r -0.04 -6.13 -0.38 0 0 0
r 3.38 1.59 0.84 0 0 0
r 3.71 -1.94 0.72 0 0 0
r 5.12 -1.59 -0.28 0 0 0
r -1.23 -3.43 -2.59 0 0 0
r -5.67 0.73 1.25 0 0 0
r -2.14 3.33 -2.69 0 0 0
r -7.64 1.12 -0.06 0 0 0
r -6.53 0.51 0.66 0 0 0
r 1.59 -2.3 -0.6 0 0 0
r -1.04 -4.74 2.06 0 0 0
r -1.14 6.46 -0.53 0 0 0
r 4.75 -0.73 -3.11 0 0 0
r -4.62 -0.16 0.6 0 0 0
r -4.97 -2.33 0.49 0 0 0
r 4.89 2.32 -1.58 0 0 0
r -2.51 1.43 -0.43 0 0 0
r -5.68 3.26 -0.04 0 0 0
r 7.64 -0.99 0.03 0 0 0
r 2.47 0.03 5.32 0 0 0
r 8.07 -0.62 -0.03 0 0 0
r -7.0 -0.04 -0.58 0 0 0
r 5.19 2.11 0.18 0 0 0
r -3.83 -2.16 0.59 0 0 0
r -6.02 -1.42 -0.4 0 0 0
r 0.31 -0.37 2.16 0 0 0
r -5.03 -0.92 0.14 0 0 0
r -5.24 2.62 0.12 0 0 0
r 6.64 -0.17 -0.92 0 0 0
r 4.11 3.9 0.06 0 0 0
r -4.54 -1.09 -0.7 0 0 0
r -3.92 3.02 0.16 0 0 0
r -4.16 -2.79 1.35 0 0 0
r -6.6 0.21 -1.94 0 0 0
r 5.29 -2.14 1.47 0 0 0
r 1.57 4.29 -0.19 0 0 0
r -7.17 1.64 0.14 0 0 0
r 3.51 2.23 1.13 0 0 0
r 5.34 -2.69 0.54 0 0 0
r -6.22 1.08 1.1 0 0 0
r 0.84 0.87 2.67 0 0 0
r 0.66 -6.45 -1.16 0 0 0
r 7.61 -1.14 0.12 0 0 0
r -4.06 -4.14 0.09 0 0 0
r -3.08 0.96 3.3 0 0 0
r 3.15 3.13 0.87 0 0 0
r -0.7 -5.56 0.57 0 0 0
r 5.14 -1.02 0.86 0 0 0
r 4.66 -0.88 -1.2 0 0 0
r -0.63 -1.78 1.37 0 0 0
r -6.81 0.25 -0.5 0 0 0
r -1.09 2.77 0.63 0 0 0
r -6.19 0.61 -1.42 0 0 0
r -1.43 3.88 0.79 0 0 0
r 2.76 1.86 -3.79 0 0 0
r 2.28 6.17 0.14 0 0 0
r 3.2 -4.69 0.6 0 0 0
r 6.63 2.19 0.16 0 0 0
r 6.93 0.33 -1.11 0 0 0
r -4.15 -2.09 0.03 0 0 0
r -3.36 -2.58 -0.17 0 0 0
r -2.39 -2.32 -2.86 0 0 0
r 3.62 0.61 -2.3 0 0 0
r -7.52 0.19 1.23 0 0 0
r -1.08 -0.1 -4.85 0 0 0
r -2.83 4.92 0.91 0 0 0
r 6.47 2.36 -0.01 0 0 0
r -5.04 0.74 3.11 0 0 0
r 7.66 1.03 -0.05 0 0 0
r -2.96 0.49 4.36 0 0 0
r 1.26 4.81 0.68 0 0 0
r 3.52 4.55 -0.16 0 0 0
r 2.65 0.08 -5.44 0 0 0
r 7.27 0.28 0.8 0 0 0
r 1.02 0.12 -3.93 0 0 0
r 3.54 4.74 0.11 0 0 0
r 0.79 -1.56 -4.0 0 0 0
r 6.36 2.08 0.41 0 0 0
r -0.16 -0.22 2.59 0 0 0
r -3.34 -2.85 -1.72 0 0 0
r -4.74 -1.47 -0.37 0 0 0
r 6.78 -0.34 -0.56 0 0 0
r -2.95 -0.19 4.38 0 0 0
r -4.32 1.51 0.91 0 0 0
r 6.45 -2.02 -0.18 0 0 0
r -4.58 -2.19 1.9 0 0 0
r -4.51 3.15 -0.66 0 0 0
r 7.29 -0.32 -1.13 0 0 0
r 5.06 -3.39 0.05 0 0 0
r -6.17 0.34 0.25 0 0 0
r 1.0 6.19 0.5 0 0 0
r 8.07 -0.71 0.06 0 0 0
r 3.53 2.06 0.23 0 0 0
r 0.52 -2.52 -2.5 0 0 0
r 7.42 0.19 0.14 0 0 0
r 8.57 -0.33 0.1 0 0 0
r 8.82 -0.08 0.08 0 0 0
r -3.1 -1.9 -2.0 0 0 0
r -5.82 0.15 2.02 0 0 0
r 2.26 -3.31 2.0 0 0 0
r 5.72 -0.86 0.31 0 0 0
r 4.69 3.28 0.44 0 0 0
r -0.18 -2.82 0.4 0 0 0
r 8.55 0.03 0.38 0 0 0
r -0.55 -5.42 -1.28 0 0 0
r -0.64 0.92 -2.52 0 0 0
r 8.3 0.46 -0.19 0 0 0
r 1.37 -4.41 -1.22 0 0 0
r -0.97 -1.53 -2.1 0 0 0
r 0.31 -2.15 3.26 0 0 0
r 7.47 0.51 -0.08 0 0 0
r 1.81 2.54 -1.03 0 0 0
r 2.61 4.77 1.28 0 0 0
r -6.75 -0.9 0.86 0 0 0
r 7.26 -1.13 -0.27 0 0 0
r -3.31 -3.89 0.5 0 0 0
r -2.98 -3.98 1.45 0 0 0
r -5.96 -1.85 0.18 0 0 0
r 2.23 4.63 -0.76 0 0 0
r -5.67 -0.45 1.4 0 0 0
r -2.56 1.75 -0.21 0 0 0
r 7.23 0.33 -1.03 0 0 0
r 7.07 0.62 -0.53 0 0 0
r 1.39 7.11 0.4 0 0 0
r 7.09 -0.56 1.26 0 0 0
r 0.84 6.13 0.77 0 0 0
r -5.86 2.78 0.28 0 0 0
r 3.73 3.21 0.75 0 0 0
r 6.57 -1.02 -0.09 0 0 0
r -0.42 2.6 0.54 0 0 0
r 4.44 3.82 -0.05 0 0 0
r -3.75 -0.86 -0.55 0 0 0
r -2.18 2.62 3.79 0 0 0
r -0.02 0.63 -5.96 0 0 0
r 0.84 6.83 -0.89 0 0 0
r -2.57 0.91 -0.64 0 0 0
r -6.74 0.73 0.98 0 0 0
r -5.59 -1.3 -0.22 0 0 0
r -6.9 0.82 -1.08 0 0 0
r 0.55 -5.57 0.75 0 0 0
r -2.7 -4.94 0.77 0 0 0
r -6.92 -0.22 0.29 0 0 0
r 1.47 -3.25 -2.46 0 0 0
r -5.29 2.28 -0.42 0 0 0
r 0.52 1.19 -4.8 0 0 0
r 4.87 -0.13 -1.88 0 0 0
r -7.62 0.15 0.33 0 0 0
r 1.3 -6.55 1.02 0 0 0
r -1.63 4.0 0.7 0 0 0
r -2.84 -2.57 0.6 0 0 0
r 0.2 -4.81 1.22 0 0 0
r 5.41 -2.84 0.7 0 0 0
r -6.08 1.84 0.73 0 0 0
r -0.48 6.66 0.51 0 0 0
r -4.81 -0.87 -1.05 0 0 0
r 1.42 -2.92 4.28 0 0 0
r 8.77 0.19 -0.02 0 0 0
r 5.96 -1.64 1.16 0 0 0
r -1.58 -0.32 6.82 0 0 0
r 6.07 -0.49 -0.02 0 0 0
r 7.25 -1.32 0.15 0 0 0
r 4.86 0.7 -1.5 0 0 0
r 5.34 -2.77 -0.09 0 0 0
r -0.76 2.47 -2.62 0 0 0
r 7.76 -0.96 0.24 0 0 0
r -2.7 2.58 -2.99 0 0 0
r -6.06 -1.49 0.14 0 0 0
r 0.79 4.42 -1.87 0 0 0
r -3.73 -3.05 -0.09 0 0 0
r 6.09 -0.87 -1.55 0 0 0
r 8.19 0.56 -0.15 0 0 0
r -6.67 -1.74 -0.01 0 0 0
r -2.8 -0.01 5.2 0 0 0
r 4.32 -1.19 -2.41 0 0 0
r -6.55 0.83 0.58 0 0 0
r 1.62 -1.97 -2.97 0 0 0
r 0.05 5.77 -0.18 0 0 0
r 3.76 -0.68 -3.2 0 0 0
r -0.23 -4.38 -3.77 0 0 0
r -6.22 -1.55 1.09 0 0 0
r -5.28 -2.82 -0.32 0 0 0
r 2.44 -2.99 -1.54 0 0 0
r 2.89 5.27 0.13 0 0 0
r 6.32 -0.18 -1.07 0 0 0
r -4.49 0.04 -1.92 0 0 0
r 3.39 1.97 -0.86 0 0 0
r 6.84 -0.32 -1.29 0 0 0
r 6.95 -0.02 1.99 0 0 0
r 2.96 4.68 0.09 0 0 0
r -3.82 0.84 -3.2 0 0 0
r 2.58 4.5 0.35 0 0 0
r 5.07 -2.59 1.29 0 0 0
r 5.38 -1.99 0.72 0 0 0
r -3.32 -3.65 0.26 0 0 0
r -7.94 -0.23 -0.7 0 0 0
r 6.42 0.27 1.57 0 0 0
r -0.06 -3.1 4.48 0 0 0
r 2.66 -2.45 -0.94 0 0 0
r 7.13 -0.91 -0.33 0 0 0
r 3.97 4.09 0.78 0 0 0
r -0.14 -6.54 -0.32 0 0 0
r -7.68 -0.71 0.34 0 0 0
r 0.12 -1.28 -0.88 0 0 0
r 7.53 -0.98 -0.25 0 0 0
r -3.56 -0.09 0.52 0 0 0
r -4.54 -2.3 -1.11 0 0 0
r -3.43 -2.59 -0.99 0 0 0
r -2.88 3.74 -1.93 0 0 0
r 4.06 -2.07 -1.6 0 0 0
r 6.06 -1.35 -1.0 0 0 0
r 5.75 0.28 1.97 0 0 0
r -3.26 0.89 4.01 0 0 0
r -3.36 4.94 -0.37 0 0 0
r 0.38 -4.73 -0.32 0 0 0
