r -1.22 3.94 3.85 0 0 0
r -5.53 3.5 -0.31 0 0 0
r -9.26 0.49 0.06 0 0 0
r -8.93 -0.28 -0.52 0 0 0
r 7.73 -1.66 0.11 0 0 0
r -8.83 -0.63 -0.08 0 0 0
r 9.16 -0.75 0.05 0 0 0
r -8.57 1.03 -0.26 0 0 0
r -6.81 -0.22 0.58 0 0 0
r -5.69 -1.38 2.05 0 0 0
r -2.38 -0.87 -6.0 0 0 0
r -5.62 -0.33 3.66 0 0 0
r 6.58 2.32 -0.6 0 0 0
r 7.95 -1.56 0.07 0 0 0
r 4.86 3.93 -0.55 0 0 0
r 1.7 -4.19 -0.44 0 0 0
r 3.59 -2.09 -1.51 0 0 0
r -7.59 2.02 0.28 0 0 0
r -3.15 -2.51 4.06 0 0 0
r -7.16 -0.07 -0.24 0 0 0
r 5.86 -2.95 -0.92 0 0 0
r -4.02 -3.45 -1.09 0 0 0
r -3.33 -2.38 -3.71 0 0 0
r 1.87 0.29 3.89 0 0 0
r 4.84 4.52 0.43 0 0 0
r 1.92 -2.61 -1.75 0 0 0
r -6.17 0.29 -2.66 0 0 0
r -2.67 3.04 -2.55 0 0 0
r 8.63 1.32 -0.02 0 0 0
r 0.43 0.79 2.01 0 0 0
r 0.84 -8.57 0.32 0 0 0
r 1.6 3.37 0.66 0 0 0
r 5.13 3.52 0.72 0 0 0
r 4.16 -0.02 4.53 0 0 0
r 6.22 -1.71 1.65 0 0 0
r 1.68 -0.76 0.32 0 0 0
r -0.63 3.7 -4.92 0 0 0
r 3.68 -5.44 -0.12 0 0 0
r 5.08 -0.74 3.62 0 0 0
r 9.11 0.83 0.0 0 0 0
r -1.24 8.34 -0.11 0 0 0
r -4.06 4.89 0.64 0 0 0
r -1.7 1.54 -5.92 0 0 0
r -6.57 3.27 0.16 0 0 0
r -7.52 1.65 -0.12 0 0 0
r 0.71 7.06 -0.85 0 0 0
r -3.9 -1.51 -2.66 0 0 0
r 1.98 2.57 -4.23 0 0 0
r -8.96 0.7 0.0 0 0 0
r 8.5 -0.29 -0.49 0 0 0
r -0.28 -7.46 0.51 0 0 0
r -5.4 3.11 1.28 0 0 0
r 5.55 -3.51 -0.51 0 0 0
r -1.29 2.61 -2.89 0 0 0
r -6.32 -2.23 -0.2 0 0 0
r -6.85 -3.01 -0.06 0 0 0
r -9.48 0.13 -0.22 0 0 0
r 7.18 1.11 -1.65 0 0 0
r -9.34 -0.5 0.04 0 0 0
r -5.03 -0.32 1.29 0 0 0
r 6.62 2.53 -0.32 0 0 0
r 7.86 1.64 -0.33 0 0 0
r 8.68 -0.26 0.04 0 0 0
r 7.88 -0.51 -1.25 0 0 0
r -8.4 0.58 -0.02 0 0 0
r 4.11 -2.88 -1.16 0 0 0
r -0.25 8.94 -0.23 0 0 0
r -5.14 -1.12 2.48 0 0 0
r 2.85 -3.54 1.93 0 0 0
r -0.24 4.55 5.07 0 0 0
r 0.27 4.04 -2.56 0 0 0
r -3.17 1.83 1.19 0 0 0
r -9.05 -0.53 -0.36 0 0 0
r -9.74 0.18 0.06 0 0 0
r 2.71 -0.11 2.28 0 0 0
r -5.48 1.71 0.01 0 0 0
r -6.76 0.75 1.91 0 0 0
r -4.43 5.0 -0.55 0 0 0
r 2.69 3.96 -2.94 0 0 0
r 0.22 -8.49 0.61 0 0 0
r -6.8 0.84 -1.27 0 0 0
r -4.67 -2.75 -1.14 0 0 0
r -7.52 -0.77 0.65 0 0 0
r 1.9 1.51 3.32 0 0 0
r -2.04 2.9 -4.14 0 0 0
r -8.36 -0.67 0.58 0 0 0
r 2.19 3.04 -0.89 0 0 0
r -4.3 -3.0 1.77 0 0 0
r 2.27 6.44 0.89 0 0 0
r 8.62 0.97 -0.1 0 0 0
r 0.65 -6.69 -1.99 0 0 0
r 3.97 3.85 -1.03 0 0 0
r 3.1 2.38 -1.03 0 0 0
r -0.73 -2.91 -2.68 0 0 0
r -3.34 -0.57 -1.1 0 0 0
r -7.13 -0.76 0.49 0 0 0
r -5.24 -3.16 1.05 0 0 0
r 7.45 -0.3 -1.38 0 0 0
r -9.07 0.85 -0.07 0 0 0
r -2.26 -5.97 -0.24 0 0 0
