r 3.21 -2.46 5.2 0 0 0
r -9.86 1.11 -0.03 0 0 0
r -6.19 3.66 -0.24 0 0 0
r -9.76 -1.15 -0.02 0 0 0
r -8.4 0.78 1.18 0 0 0
r 8.57 -0.2 1.85 0 0 0
r 1.34 -2.32 -2.92 0 0 0
r 10.42 0.13 -0.15 0 0 0
r -5.31 -1.63 3.73 0 0 0
r 9.42 1.32 -0.14 0 0 0
r -1.44 -4.16 2.03 0 0 0
r -2.63 0.01 -3.5 0 0 0
r 8.87 -0.09 -0.25 0 0 0
r -5.19 -1.53 2.44 0 0 0
r -5.49 2.53 -1.79 0 0 0
r -2.72 -2.42 -2.56 0 0 0
r -10.75 0.24 0.0 0 0 0
r 9.92 0.75 0.32 0 0 0
r -10.69 -0.3 0.01 0 0 0
r -5.19 -1.27 -2.98 0 0 0
r -6.82 -2.36 -0.15 0 0 0
r 2.31 -7.66 -0.23 0 0 0
r -6.57 -2.27 -2.0 0 0 0
r -8.97 0.14 0.09 0 0 0
r 10.83 0.12 -0.03 0 0 0
r 3.58 6.7 -0.68 0 0 0
r 4.55 -5.74 -0.11 0 0 0
r -4.97 1.41 -0.81 0 0 0
r 0.25 -6.19 -0.59 0 0 0
r -9.38 0.91 -0.58 0 0 0
r 0.64 -3.28 -2.85 0 0 0
r 3.94 -3.93 -2.47 0 0 0
r -10.09 0.52 0.23 0 0 0
r 9.23 -1.03 0.09 0 0 0
r -2.01 3.0 -2.91 0 0 0
r -0.25 5.57 -2.18 0 0 0
r -3.13 -7.17 -0.12 0 0 0
r -7.84 2.92 -0.01 0 0 0
r 1.49 4.6 3.9 0 0 0
r -5.78 4.92 -0.04 0 0 0
r 0.65 2.01 -6.74 0 0 0
r 4.53 2.02 -0.69 0 0 0
r 0.97 7.64 2.1 0 0 0
r 6.44 -3.81 -0.33 0 0 0
r -8.41 -1.15 -0.1 0 0 0
r 0.55 -5.81 -1.42 0 0 0
r 4.75 5.58 -0.27 0 0 0
r 2.81 -6.13 1.13 0 0 0
r 2.62 -6.76 0.47 0 0 0
r 5.4 -3.22 1.19 0 0 0
r -5.96 2.18 2.36 0 0 0
r -10.2 -0.09 0.28 0 0 0
r 4.62 1.97 1.22 0 0 0
r 4.75 4.6 0.11 0 0 0
r -6.76 -2.26 -1.54 0 0 0
r -8.74 2.02 0.21 0 0 0
r -2.33 5.48 2.07 0 0 0
r -10.22 -0.68 0.02 0 0 0
r -5.25 -3.8 1.7 0 0 0
r 9.26 -0.02 1.03 0 0 0
r 10.71 -0.26 -0.01 0 0 0
r -10.49 0.38 0.08 0 0 0
r -4.86 -2.3 -2.12 0 0 0
r 5.77 -0.72 3.59 0 0 0
r 6.77 -3.9 0.12 0 0 0
r -7.79 -3.02 -0.04 0 0 0
r 4.73 -3.57 -2.17 0 0 0
r 2.27 4.71 -1.83 0 0 0
r -5.64 -1.24 -2.17 0 0 0
r -8.15 -1.92 -0.82 0 0 0
r 7.23 2.9 -0.27 0 0 0
r 10.04 -0.59 0.02 0 0 0
r 0.0 6.28 -3.56 0 0 0
r -7.97 -0.94 -1.03 0 0 0
r 10.62 0.22 0.16 0 0 0
r 9.74 1.12 0.03 0 0 0
r 0.73 -9.78 0.12 0 0 0
r 6.89 2.48 -0.71 0 0 0
r 10.83 -0.02 -0.08 0 0 0
r 8.1 -2.09 0.51 0 0 0
r 10.89 -0.08 0.03 0 0 0
r -4.43 4.53 1.34 0 0 0
r -3.76 6.36 0.19 0 0 0
r 5.63 -1.24 -2.13 0 0 0
r -1.17 -1.33 7.82 0 0 0
r 8.68 0.95 -0.93 0 0 0
r -4.54 2.46 3.76 0 0 0
r -6.56 4.32 0.12 0 0 0
r 10.02 0.6 0.22 0 0 0
r -5.2 1.73 2.63 0 0 0
r 2.67 -1.88 1.53 0 0 0
r 5.61 2.14 -0.36 0 0 0
r -4.68 -1.56 3.74 0 0 0
r 7.76 1.62 0.95 0 0 0
r -1.95 -4.6 -0.04 0 0 0
r 9.54 0.34 -1.1 0 0 0
r 4.51 -1.62 -4.58 0 0 0
r 10.51 -0.19 -0.28 0 0 0
r -7.13 2.26 1.01 0 0 0
r 7.42 -1.89 1.35 0 0 0
