r -4.68 4.44 -0.59 0 0 0
r -2.34 7.05 0.68 0 0 0
r -8.82 1.9 1.01 0 0 0
r 9.63 2.3 -0.03 0 0 0
r 8.55 -1.69 0.98 0 0 0
r 1.67 -6.34 -3.33 0 0 0
r 7.87 -3.77 0.07 0 0 0
r -8.75 -2.21 0.29 0 0 0
r -1.03 10.48 -0.47 0 0 0
r -10.31 0.85 -0.12 0 0 0
r 7.38 -2.27 0.05 0 0 0
r 1.27 -0.67 8.07 0 0 0
r 7.19 -3.35 -1.04 0 0 0
r -10.72 -0.71 0.09 0 0 0
r 1.4 3.93 -3.2 0 0 0
r -0.5 9.72 0.96 0 0 0
r -8.85 2.34 -0.55 0 0 0
r 6.14 3.25 -0.6 0 0 0
r -2.58 5.27 -3.34 0 0 0
r 6.44 4.4 0.3 0 0 0
r 6.06 -0.33 -4.4 0 0 0
r -0.17 -11.07 -0.2 0 0 0
r -5.25 -2.77 -3.3 0 0 0
r -5.17 1.77 -1.75 0 0 0
r 6.2 2.79 1.02 0 0 0
r -0.47 3.76 -4.27 0 0 0
r -0.53 1.74 3.61 0 0 0
r -1.03 7.79 -2.41 0 0 0
r 8.28 1.09 -0.58 0 0 0
r 5.54 -6.31 0.1 0 0 0
r 11.85 -0.13 0.0 0 0 0
r -8.89 -2.68 -0.32 0 0 0
r -3.83 6.59 1.48 0 0 0
r -5.71 -5.35 -0.63 0 0 0
r -8.96 1.61 0.4 0 0 0
r 1.32 -8.13 -0.04 0 0 0
r 1.32 -6.74 -2.0 0 0 0
r -8.35 -0.08 -1.24 0 0 0
r -9.68 -0.96 -1.2 0 0 0
r 3.37 -2.46 -4.01 0 0 0
r 4.46 1.22 4.53 0 0 0
r 0.3 -2.48 -6.9 0 0 0
r 9.89 1.45 -0.05 0 0 0
r -10.91 0.0 0.91 0 0 0
r 10.43 0.58 -0.02 0 0 0
r 11.53 -0.47 0.0 0 0 0
r 8.22 -2.49 0.3 0 0 0
r -6.46 3.72 -0.85 0 0 0
r 7.12 -2.19 0.74 0 0 0
r -4.96 -5.9 -0.62 0 0 0
r 2.74 -8.17 -0.39 0 0 0
r 0.27 9.91 0.65 0 0 0
r 2.1 -5.06 -2.35 0 0 0
r -8.21 -2.6 0.1 0 0 0
r -1.31 6.39 2.77 0 0 0
r -6.95 4.57 -0.46 0 0 0
r -8.64 0.33 2.32 0 0 0
r -4.61 1.3 -1.71 0 0 0
r 0.18 -6.91 -2.51 0 0 0
r -9.39 1.78 0.23 0 0 0
r -0.09 7.65 -1.47 0 0 0
r 7.75 -0.64 2.68 0 0 0
r -5.0 4.06 -0.33 0 0 0
r -0.22 -2.98 -3.73 0 0 0
r -5.46 6.33 0.13 0 0 0
r -10.37 -0.39 0.71 0 0 0
r -5.42 2.14 -4.2 0 0 0
r 11.09 0.73 0.17 0 0 0
r -9.74 -1.77 -0.3 0 0 0
r 0.27 10.2 -1.03 0 0 0
r -9.5 1.86 -0.34 0 0 0
r -2.14 9.65 0.14 0 0 0
r -5.42 -4.83 0.88 0 0 0
r 1.97 -7.27 -2.24 0 0 0
r -11.0 0.9 0.0 0 0 0
r 3.16 7.56 -1.18 0 0 0
r 9.71 -1.85 0.17 0 0 0
r -3.91 -1.94 -5.23 0 0 0
r -0.05 9.4 -2.1 0 0 0
r 6.39 -4.36 0.29 0 0 0
r -9.72 -0.4 -0.03 0 0 0
r 6.61 2.66 1.57 0 0 0
r -5.51 4.34 0.41 0 0 0
r -9.35 -2.08 -0.56 0 0 0
r -10.51 1.24 -0.16 0 0 0
r -8.86 1.7 0.25 0 0 0
r 6.24 0.33 -2.6 0 0 0
r -1.57 9.24 -0.12 0 0 0
r 1.63 9.09 -1.03 0 0 0
r -2.3 -7.68 1.44 0 0 0
r -9.66 0.17 1.8 0 0 0
r 3.75 -6.06 1.37 0 0 0
r -2.55 -0.19 6.13 0 0 0
r 6.05 -3.67 1.24 0 0 0
r -2.84 -0.65 5.55 0 0 0
r 7.96 2.43 0.82 0 0 0
r -5.04 2.6 0.72 0 0 0
r 0.32 -0.34 -6.11 0 0 0
r -5.84 2.47 0.47 0 0 0
r -6.02 1.95 0.34 0 0 0
