r 4.16 0.85 4.17 0 0 0
r 1.02 7.16 3.79 0 0 0
r -10.56 0.98 -1.13 0 0 0
r 9.59 2.08 0.44 0 0 0
r 8.49 1.09 3.26 0 0 0
r -6.27 -4.8 -0.71 0 0 0
r -10.59 -0.88 1.26 0 0 0
r -9.99 1.71 -1.25 0 0 0
r 4.37 1.03 2.39 0 0 0
r 10.19 -1.13 -1.21 0 0 0
r -2.09 4.12 -0.19 0 0 0
r 10.47 1.26 0.77 0 0 0
r 8.96 -1.11 1.84 0 0 0
r -0.88 -0.36 10.66 0 0 0
r 2.16 -1.15 -7.85 0 0 0
r 6.17 -1.35 -2.75 0 0 0
r -12.33 -0.5 -0.1 0 0 0
r -2.72 -5.84 -1.97 0 0 0
r 2.14 -4.98 -3.01 0 0 0
r -8.87 2.86 -1.09 0 0 0
r -10.19 -2.72 0.05 0 0 0
r 1.82 -7.93 2.39 0 0 0
r -8.76 -0.75 -1.81 0 0 0
r 9.6 -2.42 -0.9 0 0 0
r 9.68 -0.65 -2.47 0 0 0
r 2.44 6.49 -0.31 0 0 0
r 7.09 2.94 -0.18 0 0 0
r 11.09 1.87 0.02 0 0 0
r 8.51 -3.56 -0.56 0 0 0
r 6.81 -0.04 -5.32 0 0 0
r 5.72 3.34 -3.42 0 0 0
r -1.74 -8.97 2.05 0 0 0
r -0.46 6.31 -5.63 0 0 0
r -4.55 3.6 -1.83 0 0 0
r -1.05 3.53 -0.52 0 0 0
r 4.98 0.3 2.47 0 0 0
r 3.07 2.58 -1.24 0 0 0
r 0.2 4.8 2.0 0 0 0
r -5.68 -6.55 -0.52 0 0 0
r -0.63 -5.16 1.43 0 0 0
r 7.43 3.96 -1.44 0 0 0
r -10.57 -0.85 -0.71 0 0 0
r 1.56 -0.67 0.01 0 0 0
r -11.09 -1.27 -0.57 0 0 0
r 7.17 -0.53 3.26 0 0 0
r -5.2 -4.22 -0.01 0 0 0
r -5.7 1.31 2.5 0 0 0
r -4.73 0.09 -2.37 0 0 0
r 11.42 0.96 0.06 0 0 0
r -12.15 0.47 0.28 0 0 0
r 6.3 -1.96 -0.18 0 0 0
r 8.45 1.63 2.45 0 0 0
r -2.36 -4.55 -0.46 0 0 0
r -7.99 -4.53 0.26 0 0 0
r 6.86 3.79 1.41 0 0 0
r 1.88 -7.95 2.47 0 0 0
r 12.84 0.07 0.02 0 0 0
r 9.86 -0.05 -1.84 0 0 0
r 9.22 -2.84 -0.73 0 0 0
r -1.47 2.47 -0.48 0 0 0
r 3.92 -4.59 1.15 0 0 0
r 10.51 -0.63 -0.29 0 0 0
r 2.78 -7.41 -1.51 0 0 0
r 6.63 1.61 -0.3 0 0 0
r -4.19 3.96 -2.14 0 0 0
r -10.27 -2.64 -0.01 0 0 0
r 1.48 1.54 -3.22 0 0 0
r 2.45 2.14 -7.54 0 0 0
r 1.03 -8.42 1.62 0 0 0
r 10.0 1.42 -0.68 0 0 0
r 8.26 3.01 1.69 0 0 0
r -7.67 2.72 -0.73 0 0 0
r 0.33 8.74 3.67 0 0 0
r -2.36 7.17 -2.38 0 0 0
r 0.22 -1.03 6.69 0 0 0
r -9.64 0.04 3.11 0 0 0
r 4.32 -6.03 1.55 0 0 0
r 2.8 -9.42 -0.77 0 0 0
r 3.03 -5.75 -1.27 0 0 0
r -11.37 -1.11 0.16 0 0 0
r -3.52 -3.08 0.63 0 0 0
r 2.91 4.06 5.19 0 0 0
r -10.18 -2.25 -0.49 0 0 0
r 8.36 -4.17 -0.25 0 0 0
r 0.07 -10.49 0.48 0 0 0
r 2.42 -3.09 -4.3 0 0 0
r 6.04 1.17 -2.65 0 0 0
r -2.75 -5.97 1.36 0 0 0
r -12.8 -0.06 0.07 0 0 0
r 12.05 0.61 -0.32 0 0 0
r 8.92 3.86 0.11 0 0 0
r 3.47 2.67 -2.79 0 0 0
r -8.52 0.67 -3.68 0 0 0
r 11.26 -1.6 0.05 0 0 0
r 5.08 -5.84 -1.16 0 0 0
r -3.61 4.23 4.26 0 0 0
r -9.69 -0.73 -0.56 0 0 0
r 2.24 -2.61 0.91 0 0 0
r 3.56 -6.36 1.76 0 0 0
r -10.85 1.77 -0.21 0 0 0
