r 1.87 -1.2 7.35 0 0 0
r 1.25 2.66 8.53 0 0 0
r 6.62 2.75 1.03 0 0 0
r -11.2 -2.38 0.19 0 0 0
r -4.25 7.76 -0.98 0 0 0
r -5.36 6.86 1.15 0 0 0
r -11.43 2.26 -0.18 0 0 0
r -2.01 3.64 -7.69 0 0 0
r 11.33 -0.92 -0.38 0 0 0
r -4.86 -6.54 -1.06 0 0 0
r 8.63 -1.86 0.1 0 0 0
r 10.95 1.6 -1.44 0 0 0
r 13.33 0.17 -0.42 0 0 0
r 3.46 -1.87 6.44 0 0 0
r 1.82 -6.1 4.76 0 0 0
r 10.25 0.93 2.66 0 0 0
r 13.68 -0.25 -0.01 0 0 0
r -3.09 -0.21 -9.0 0 0 0
r 6.06 -2.78 -5.04 0 0 0
r -5.57 -7.15 0.5 0 0 0
r 6.04 -2.53 4.47 0 0 0
r -2.88 1.86 0.85 0 0 0
r 0.31 -8.67 -3.94 0 0 0
r 4.97 8.5 0.35 0 0 0
r 12.43 0.34 0.43 0 0 0
r 8.83 1.95 0.51 0 0 0
r 3.04 7.9 -2.0 0 0 0
r -6.37 0.72 -1.85 0 0 0
r 9.97 -3.39 -0.38 0 0 0
r 6.36 6.78 0.58 0 0 0
r 2.95 5.38 4.35 0 0 0
r -6.8 1.27 -2.38 0 0 0
r 8.81 -1.68 -0.44 0 0 0
r 6.25 1.32 -3.29 0 0 0
r -1.67 9.48 0.27 0 0 0
r 1.62 6.11 -5.78 0 0 0
r -12.85 0.47 0.31 0 0 0
r 2.57 3.92 -4.12 0 0 0
r 6.25 -3.97 -2.38 0 0 0
r 11.17 2.12 0.07 0 0 0
r -8.94 2.34 -1.71 0 0 0
r 3.46 -9.14 -0.54 0 0 0
r -6.9 0.83 -1.46 0 0 0
r -3.37 10.37 0.02 0 0 0
r 2.08 1.44 2.68 0 0 0
r 12.34 0.95 -0.38 0 0 0
r -5.6 -2.71 -0.64 0 0 0
r 11.22 -0.18 1.5 0 0 0
r 2.39 -0.71 2.01 0 0 0
r -12.9 -0.98 0.1 0 0 0
r 2.31 -1.39 9.72 0 0 0
r 4.66 -8.79 0.04 0 0 0
r 7.79 2.07 -3.23 0 0 0
r 2.71 1.01 -4.27 0 0 0
r -13.85 -0.01 -0.03 0 0 0
r -4.34 1.19 7.05 0 0 0
r 0.85 9.28 3.64 0 0 0
r -12.5 -1.01 -0.2 0 0 0
r 7.43 3.99 -1.15 0 0 0
r 7.94 0.95 -4.84 0 0 0
r -5.8 4.64 3.01 0 0 0
r -12.51 -0.67 -0.75 0 0 0
r -5.35 5.17 0.67 0 0 0
r -1.52 2.61 6.81 0 0 0
r 7.61 6.13 0.12 0 0 0
r -10.83 0.86 -0.92 0 0 0
r -4.56 -8.41 0.71 0 0 0
r -9.71 1.99 2.09 0 0 0
r 12.41 0.27 -0.17 0 0 0
r 2.1 1.07 -1.07 0 0 0
r -4.64 0.29 7.83 0 0 0
r 12.54 -0.99 0.18 0 0 0
r -0.19 10.87 1.04 0 0 0
r 12.98 -0.85 -0.12 0 0 0
r 8.22 1.78 1.9 0 0 0
r -12.21 0.49 -0.9 0 0 0
r 7.95 0.47 -2.59 0 0 0
r -2.47 -2.64 -1.38 0 0 0
r -0.62 -3.72 -4.74 0 0 0
r 13.11 0.24 0.01 0 0 0
r -1.18 -0.45 7.42 0 0 0
r -0.92 -12.71 -0.04 0 0 0
r -10.54 -2.54 0.85 0 0 0
r 11.14 0.77 -0.38 0 0 0
r 9.58 0.48 0.13 0 0 0
r -12.12 -1.75 0.03 0 0 0
r -10.55 2.3 0.61 0 0 0
r -10.32 1.54 1.63 0 0 0
r 10.37 -2.05 0.7 0 0 0
r -1.76 2.91 2.64 0 0 0
r 8.16 -5.69 0.13 0 0 0
r 3.51 -3.63 -3.1 0 0 0
r -9.02 -0.52 -2.05 0 0 0
r -2.45 -0.39 2.17 0 0 0
r -6.97 0.6 6.28 0 0 0
r -7.85 3.2 0.27 0 0 0
r -10.43 3.0 -0.49 0 0 0
r -3.52 9.81 -0.61 0 0 0
r 6.09 4.79 2.58 0 0 0
r 6.7 7.14 -0.08 0 0 0
