r -12.0 -2.6 0.08 0 0 0
r 7.97 -6.4 0.37 0 0 0
r 2.42 6.18 5.5 0 0 0
r -3.65 6.59 1.36 0 0 0
r 13.64 -1.1 -0.19 0 0 0
r -5.5 -3.55 5.41 0 0 0
r -13.86 0.62 -0.41 0 0 0
r -8.27 5.31 -0.76 0 0 0
r -6.79 -4.49 -1.77 0 0 0
r 10.89 1.28 2.71 0 0 0
r 13.45 1.46 0.08 0 0 0
r -10.73 2.23 -1.45 0 0 0
r 3.11 -3.99 -7.31 0 0 0
r -3.94 -9.18 1.72 0 0 0
r -4.36 -8.03 2.36 0 0 0
r 10.28 2.87 0.93 0 0 0
r -8.58 5.85 -0.25 0 0 0
r 4.49 4.92 -3.89 0 0 0
r -13.69 -0.17 -0.77 0 0 0
r 0.79 -0.39 11.93 0 0 0
r -11.44 0.07 -1.62 0 0 0
r -3.62 -6.8 1.55 0 0 0
r 1.17 -10.89 1.19 0 0 0
r 2.41 10.35 -1.16 0 0 0
r -6.89 -7.2 0.9 0 0 0
r 12.54 -1.34 1.09 0 0 0
r 1.38 -7.51 -0.31 0 0 0
r -12.73 -2.02 0.19 0 0 0
r -3.06 9.29 0.38 0 0 0
r -0.57 -8.14 2.77 0 0 0
r -11.76 -1.06 -2.08 0 0 0
r 6.2 -8.47 0.05 0 0 0
r 7.21 -5.51 -1.17 0 0 0
r -5.52 -5.95 1.19 0 0 0
r -12.83 -0.27 -0.52 0 0 0
r -1.27 -8.4 4.46 0 0 0
r -7.95 -5.28 1.2 0 0 0
r 0.59 9.56 2.26 0 0 0
r -8.46 -1.49 -2.06 0 0 0
r 13.77 -1.08 -0.04 0 0 0
r -13.73 -1.19 0.06 0 0 0
r -3.77 9.75 -1.43 0 0 0
r -12.95 -1.98 -0.02 0 0 0
r 2.97 8.7 -1.61 0 0 0
r -0.8 8.45 3.76 0 0 0
r 9.5 4.68 -0.39 0 0 0
r -11.62 -0.89 -1.28 0 0 0
r -3.02 10.01 -1.48 0 0 0
r 4.72 -5.93 2.19 0 0 0
r -2.05 -10.19 2.12 0 0 0
r -7.57 -6.73 0.52 0 0 0
r -3.43 8.16 -1.95 0 0 0
r -0.6 -10.01 -2.77 0 0 0
r -4.11 -10.7 -0.07 0 0 0
r -7.91 -6.25 -0.2 0 0 0
r 9.85 -1.01 2.36 0 0 0
r -6.8 -0.77 4.54 0 0 0
r -3.15 -6.55 -2.13 0 0 0
r 8.85 3.23 -2.1 0 0 0
r -5.95 -0.45 5.43 0 0 0
r 9.05 -0.75 3.26 0 0 0
r -12.56 1.22 -1.0 0 0 0
r -0.87 12.69 -1.0 0 0 0
r 10.98 1.16 2.46 0 0 0
r -5.7 4.95 -0.44 0 0 0
r -14.42 0.01 0.44 0 0 0
r -9.64 0.54 -1.67 0 0 0
r 2.85 -2.03 7.79 0 0 0
r 11.22 -2.77 -0.82 0 0 0
r 11.67 0.05 -2.95 0 0 0
r -9.13 3.18 -2.27 0 0 0
r -12.7 0.38 -1.13 0 0 0
r 1.73 5.97 7.14 0 0 0
r -7.96 2.01 0.54 0 0 0
r -1.5 -10.57 1.7 0 0 0
r 12.48 1.66 -0.56 0 0 0
r -14.51 0.11 0.15 0 0 0
r 3.74 -7.99 -0.55 0 0 0
r -4.83 -7.73 -1.87 0 0 0
r 6.53 6.79 0.42 0 0 0
r -0.95 2.72 -9.35 0 0 0
r 12.44 -2.16 0.04 0 0 0
r -1.3 -7.49 5.56 0 0 0
r 5.09 -1.9 6.17 0 0 0
r 6.23 -7.16 1.24 0 0 0
r -7.57 2.87 3.65 0 0 0
r -6.75 -3.75 3.82 0 0 0
r 10.34 -2.09 -2.01 0 0 0
r 11.2 2.69 -0.43 0 0 0
r -7.23 7.01 -0.45 0 0 0
r -12.26 -1.01 -1.3 0 0 0
r 6.5 -3.35 -2.27 0 0 0
r -8.08 5.78 0.38 0 0 0
r 12.64 1.65 0.12 0 0 0
r -2.49 1.63 7.57 0 0 0
r 12.43 -1.39 0.93 0 0 0
r 11.57 -3.27 0.1 0 0 0
r -8.34 -4.77 0.87 0 0 0
r -14.02 -0.82 0.08 0 0 0
r 10.22 4.58 0.04 0 0 0
