r -4.29 -0.5 -0.09 0 0 0
r 1.91 1.86 0.45 0 0 0
r 2.46 1.38 0.07 0 0 0
r 0.11 -3.77 0.04 0 0 0
r 3.62 1.17 -0.21 0 0 0
r 0.21 -0.48 2.96 0 0 0
r 2.66 -0.25 0.69 0 0 0
r 2.72 1.11 -0.94 0 0 0
r -3.49 1.1 -0.14 0 0 0
r -2.01 1.63 -1.25 0 0 0
r 2.36 1.66 -0.8 0 0 0
r -4.25 -0.56 -0.09 0 0 0
r -2.52 -1.5 -0.76 0 0 0
r -0.11 -2.88 -0.09 0 0 0
r -2.07 1.88 0.37 0 0 0
r -4.33 0.03 0.49 0 0 0
r -2.79 1.15 0.98 0 0 0
r -4.88 -0.03 -0.06 0 0 0
r -4.68 -0.21 0.09 0 0 0
r 1.32 2.47 -0.09 0 0 0
r 2.36 -0.36 -0.88 0 0 0
r -3.46 -0.23 0.84 0 0 0
r 4.75 0.14 0.06 0 0 0
r -4.67 0.33 0.0 0 0 0
r 4.57 -0.08 0.04 0 0 0
r 3.47 1.1 0.26 0 0 0
r -2.54 -2.32 -0.07 0 0 0
r 2.83 -0.31 0.64 0 0 0
r 1.06 3.54 0.27 0 0 0
r -4.24 0.69 -0.02 0 0 0
r 3.84 -0.62 -0.3 0 0 0
r -0.37 3.64 -0.35 0 0 0
r 0.51 -4.08 0.19 0 0 0
r -4.52 0.36 -0.08 0 0 0
r 4.63 0.24 -0.08 0 0 0
r 4.84 -0.05 0.11 0 0 0
r -3.45 1.28 -0.22 0 0 0
r 0.69 0.46 -2.4 0 0 0
r 1.76 2.33 -0.47 0 0 0
r 4.11 -0.03 -0.59 0 0 0
r 1.62 1.11 1.66 0 0 0
r -1.7 0.83 -2.17 0 0 0
r 0.32 -3.22 -0.06 0 0 0
r 4.45 -0.51 -0.04 0 0 0
r -3.89 0.15 0.25 0 0 0
r 4.77 -0.15 -0.06 0 0 0
r -3.78 1.01 -0.15 0 0 0
r 1.55 3.05 0.18 0 0 0
r 0.45 3.63 0.91 0 0 0
r 2.06 0.39 -1.52 0 0 0
r 3.65 -1.3 -0.04 0 0 0
r -4.82 0.14 0.02 0 0 0
r 3.49 -1.15 0.32 0 0 0
r -4.93 -0.01 -0.04 0 0 0
r 3.78 -0.03 0.21 0 0 0
r 3.92 -0.64 0.32 0 0 0
r -4.93 -0.06 -0.01 0 0 0
r 1.91 -2.15 -0.54 0 0 0
r 1.64 1.33 -1.68 0 0 0
r 3.78 -1.16 -0.03 0 0 0
r 4.86 0.12 -0.02 0 0 0
r 0.35 0.43 3.12 0 0 0
r 3.48 -0.16 -0.89 0 0 0
r 4.04 0.61 0.22 0 0 0
r -0.8 0.82 3.09 0 0 0
r -2.45 2.38 0.07 0 0 0
r -1.1 -3.14 0.17 0 0 0
r -3.78 -1.11 0.1 0 0 0
r 1.38 -3.14 0.04 0 0 0
r 4.29 0.49 0.13 0 0 0
r 3.51 0.88 0.14 0 0 0
r -2.44 1.47 -0.47 0 0 0
r -3.23 1.22 0.35 0 0 0
r -2.91 -1.53 -0.12 0 0 0
r 3.8 0.51 -0.32 0 0 0
r 3.51 -0.01 0.29 0 0 0
r -3.38 0.87 0.27 0 0 0
r 4.53 0.15 -0.06 0 0 0
r 2.89 -1.31 0.08 0 0 0
r -2.22 1.43 0.91 0 0 0
r -4.11 -0.37 0.51 0 0 0
r 4.42 0.34 0.14 0 0 0
r 4.6 -0.15 -0.2 0 0 0
r 3.17 0.33 -0.49 0 0 0
r -3.75 -0.37 -0.62 0 0 0
r -2.37 -0.81 -1.34 0 0 0
r 2.97 -0.9 -0.58 0 0 0
r -2.21 -2.68 0.09 0 0 0
r 1.16 2.6 0.6 0 0 0
r 1.06 3.82 0.12 0 0 0
r -1.26 2.2 -0.37 0 0 0
r -2.93 -1.38 0.47 0 0 0
r 2.78 1.83 -0.33 0 0 0
r -4.37 0.22 -0.11 0 0 0
r -0.49 -2.55 -0.99 0 0 0
r -3.11 0.97 -0.19 0 0 0
r 0.74 -0.45 2.51 0 0 0
r 1.39 -1.67 -1.86 0 0 0
r 3.54 -1.35 -0.06 0 0 0
r 2.92 1.3 -0.6 0 0 0
