r 5.84 -0.11 -0.04 0 0 0
r 2.04 1.09 -2.22 0 0 0
r 1.32 2.29 0.28 0 0 0
r 2.37 -2.09 -0.35 0 0 0
r 0.69 -0.36 -0.27 0 0 0
r 5.66 -0.06 0.17 0 0 0
r 5.17 -0.64 0.08 0 0 0
r 3.67 0.84 -0.67 0 0 0
r -3.96 1.06 -0.3 0 0 0
r 5.21 0.78 0.0 0 0 0
r -2.02 2.14 0.78 0 0 0
r 2.11 3.83 -0.06 0 0 0
r 1.65 -2.79 1.31 0 0 0
r -1.75 -2.82 0.77 0 0 0
r 4.57 -0.05 -0.37 0 0 0
r 1.28 -0.93 -2.68 0 0 0
r 4.67 1.31 0.0 0 0 0
r -2.81 -1.15 1.23 0 0 0
r 4.94 -0.7 0.19 0 0 0
r 5.63 -0.06 0.16 0 0 0
r 1.0 -1.62 3.13 0 0 0
r -5.18 -0.64 -0.05 0 0 0
r 5.35 -0.16 0.49 0 0 0
r -3.26 -0.35 1.46 0 0 0
r 3.61 0.79 -0.88 0 0 0
r -2.11 -1.87 -1.94 0 0 0
r 3.01 -0.85 -1.3 0 0 0
r -2.33 -0.05 -2.16 0 0 0
r 0.43 -4.24 1.13 0 0 0
r 3.37 1.36 0.36 0 0 0
r 4.33 1.53 -0.07 0 0 0
r -1.96 -2.28 1.51 0 0 0
r -3.82 -1.39 0.14 0 0 0
r 5.39 0.32 -0.02 0 0 0
r -4.73 -0.87 0.34 0 0 0
r 5.57 0.31 0.0 0 0 0
r 1.52 2.08 -2.21 0 0 0
r -5.08 -0.59 -0.17 0 0 0
r 5.01 0.58 -0.13 0 0 0
r 3.11 -2.25 -0.02 0 0 0
r 1.15 1.36 -0.19 0 0 0
r -4.26 1.44 -0.19 0 0 0
r -3.25 -1.27 0.56 0 0 0
r -1.58 3.22 -0.27 0 0 0
r -1.34 0.39 3.08 0 0 0
r 2.15 -2.4 0.59 0 0 0
r 4.93 0.64 0.03 0 0 0
r 5.9 -0.04 0.0 0 0 0
r -5.27 -0.18 0.52 0 0 0
r 4.88 -0.78 0.02 0 0 0
r 5.8 0.14 0.06 0 0 0
r -2.5 2.57 0.62 0 0 0
r -4.2 -0.65 0.88 0 0 0
r -1.7 0.72 -2.27 0 0 0
r 1.99 -3.13 -0.35 0 0 0
r 3.18 2.32 -0.11 0 0 0
r 4.78 -0.44 -0.07 0 0 0
r -4.19 -0.65 -0.48 0 0 0
r -2.94 1.55 1.46 0 0 0
r 1.59 -0.37 -0.35 0 0 0
r 0.66 -3.27 -1.52 0 0 0
r 2.06 3.78 -0.08 0 0 0
r -1.26 -3.01 0.3 0 0 0
r -3.14 0.54 -0.56 0 0 0
r 4.29 -1.3 -0.38 0 0 0
r -0.11 -5.24 0.23 0 0 0
r -3.59 0.06 -1.56 0 0 0
r -5.57 -0.15 0.05 0 0 0
r 5.76 0.02 -0.03 0 0 0
r -4.4 0.48 0.48 0 0 0
r 0.77 4.33 -0.47 0 0 0
r -5.46 -0.48 0.02 0 0 0
r 2.06 1.06 -0.38 0 0 0
r -4.15 1.6 0.19 0 0 0
r -4.56 0.45 -0.13 0 0 0
r 3.53 0.3 -1.37 0 0 0
r -4.07 -0.09 0.56 0 0 0
r 3.34 1.44 0.74 0 0 0
r -4.3 0.46 -0.32 0 0 0
r -4.83 -0.26 -0.3 0 0 0
r -5.78 -0.08 0.12 0 0 0
r 5.44 -0.41 -0.12 0 0 0
r 1.82 2.67 0.31 0 0 0
r -3.13 0.0 2.16 0 0 0
r 0.14 2.73 2.3 0 0 0
r 1.13 -1.33 -1.64 0 0 0
r -0.91 2.79 1.15 0 0 0
r 0.19 5.21 0.06 0 0 0
r 5.91 0.06 0.02 0 0 0
r -3.52 -0.15 0.8 0 0 0
r -3.47 -0.12 0.58 0 0 0
r 4.61 1.19 -0.13 0 0 0
r -5.01 0.2 -0.57 0 0 0
r 5.06 -0.87 0.05 0 0 0
r 2.92 2.25 0.28 0 0 0
r 1.13 3.18 0.68 0 0 0
r 4.51 -0.93 0.22 0 0 0
r -5.41 -0.09 -0.26 0 0 0
r 4.87 -0.16 -0.69 0 0 0
r -1.56 1.2 -0.12 0 0 0
