r 2.45 4.19 -0.18 0 0 0
r 4.76 1.39 -0.75 0 0 0
r 2.33 -3.3 -0.01 0 0 0
r 0.17 -5.31 0.2 0 0 0
r 6.31 0.37 -0.2 0 0 0
r 2.35 -0.6 -2.99 0 0 0
r 1.43 -1.78 -3.69 0 0 0
r -4.46 -2.45 0.0 0 0 0
r -2.92 -2.04 0.1 0 0 0
r -6.73 -0.02 0.05 0 0 0
r 1.7 4.35 0.53 0 0 0
r -1.03 -5.46 0.09 0 0 0
r 4.86 0.38 1.01 0 0 0
r -3.53 0.67 2.62 0 0 0
r -0.65 4.98 -0.34 0 0 0
r -3.46 -1.41 2.02 0 0 0
r 2.34 0.81 2.91 0 0 0
r -0.07 1.86 -2.0 0 0 0
r 2.75 -1.41 -1.49 0 0 0
r -0.21 4.88 1.21 0 0 0
r -1.31 2.55 -2.55 0 0 0
r -2.14 -4.35 -0.38 0 0 0
r -2.0 1.79 -0.12 0 0 0
r -0.64 1.78 -1.73 0 0 0
r 3.69 -1.5 1.02 0 0 0
r 4.67 -1.72 0.55 0 0 0
r -4.3 -1.28 0.08 0 0 0
r 4.93 -0.35 -1.07 0 0 0
r -2.67 1.61 0.64 0 0 0
r 6.88 0.0 -0.07 0 0 0
r -6.17 -0.81 -0.01 0 0 0
r 6.55 0.34 0.11 0 0 0
r 4.35 2.32 -0.18 0 0 0
r 0.03 6.04 -0.34 0 0 0
r -2.12 -2.66 -1.96 0 0 0
r -1.97 3.57 0.55 0 0 0
r 2.17 0.09 4.43 0 0 0
r -0.07 -3.59 -1.76 0 0 0
r 6.27 -0.01 -0.06 0 0 0
r -6.07 0.64 0.22 0 0 0
r -5.51 0.69 0.54 0 0 0
r -5.83 0.29 -0.47 0 0 0
r 3.15 -2.32 -1.44 0 0 0
r -0.79 5.17 -0.77 0 0 0
r 6.14 -0.74 -0.07 0 0 0
r -0.33 -5.92 -0.68 0 0 0
r 6.89 -0.05 -0.02 0 0 0
r -3.37 2.42 -0.03 0 0 0
r -1.8 1.9 -1.1 0 0 0
r -2.49 2.09 -1.63 0 0 0
r 1.78 -4.55 0.34 0 0 0
r 4.28 0.72 -1.26 0 0 0
r -6.84 0.04 0.03 0 0 0
r 1.01 1.1 0.76 0 0 0
r -4.17 -1.36 0.49 0 0 0
r 2.29 2.27 -2.39 0 0 0
r 4.51 1.83 0.23 0 0 0
r -6.36 -0.39 -0.21 0 0 0
r -0.91 1.58 -1.83 0 0 0
r -4.21 2.06 0.23 0 0 0
r -5.63 -0.68 -0.03 0 0 0
r 6.7 0.11 -0.08 0 0 0
r -6.53 -0.04 0.22 0 0 0
r 2.11 -1.07 -1.29 0 0 0
r 3.27 0.28 0.82 0 0 0
r -6.75 -0.03 -0.1 0 0 0
r 4.52 0.66 -1.72 0 0 0
r -6.62 0.01 -0.35 0 0 0
r 6.92 0.04 0.02 0 0 0
r -4.56 1.12 0.62 0 0 0
r 6.62 0.15 0.05 0 0 0
r 3.84 -0.65 -0.69 0 0 0
r 4.26 0.18 0.85 0 0 0
r -2.57 -2.9 1.18 0 0 0
r 6.48 0.3 0.08 0 0 0
r -1.48 -2.81 1.17 0 0 0
r -0.98 5.26 -0.65 0 0 0
r 2.88 2.88 0.29 0 0 0
r 1.56 -3.86 0.16 0 0 0
r -1.56 -1.92 -1.35 0 0 0
r 6.67 0.24 -0.03 0 0 0
r 1.01 2.7 3.14 0 0 0
r 5.01 1.05 0.58 0 0 0
r 1.99 3.73 1.23 0 0 0
r 0.23 -2.79 -0.39 0 0 0
r 4.83 -1.17 0.88 0 0 0
r 0.99 0.19 -2.63 0 0 0
r -6.76 0.23 0.0 0 0 0
r -5.27 1.46 -0.04 0 0 0
r -2.71 3.8 -0.19 0 0 0
r 2.43 4.36 -0.17 0 0 0
r -4.01 0.66 -0.76 0 0 0
r -1.45 1.82 0.44 0 0 0
r -2.54 -4.21 0.16 0 0 0
r 0.32 -2.8 3.39 0 0 0
r 1.72 -0.07 -2.25 0 0 0
r -4.78 -1.7 0.38 0 0 0
r -6.19 0.41 -0.11 0 0 0
r -3.3 -0.94 -1.52 0 0 0
r 3.83 1.59 0.13 0 0 0
