r 4.11 -2.13 0.18 0 0 0
r -3.84 -0.24 2.78 0 0 0
r -6.74 0.94 -0.09 0 0 0
r -2.03 -1.85 -0.37 0 0 0
r -2.86 -3.83 -0.01 0 0 0
r 3.6 1.88 0.73 0 0 0
r 6.15 -0.58 0.99 0 0 0
r -4.76 -1.1 0.56 0 0 0
r -5.49 1.05 -0.31 0 0 0
r 0.78 3.7 1.3 0 0 0
r 4.71 -2.01 -0.19 0 0 0
r 1.37 1.46 -0.16 0 0 0
r 2.63 1.3 0.17 0 0 0
r 2.25 5.68 0.02 0 0 0
r -2.44 -2.95 -0.79 0 0 0
r -7.23 -0.05 -0.07 0 0 0
r -7.13 -0.01 -0.21 0 0 0
r 3.85 -2.56 1.04 0 0 0
r -3.82 -3.61 0.14 0 0 0
r 6.54 1.32 -0.11 0 0 0
r 5.32 -0.09 0.82 0 0 0
r 6.29 -0.4 -1.12 0 0 0
r 3.16 -4.47 0.27 0 0 0
r 1.59 -5.69 0.04 0 0 0
r 0.34 -2.33 -4.03 0 0 0
r -0.69 1.45 0.07 0 0 0
r 2.02 -5.63 -0.1 0 0 0
r -3.91 -1.23 -1.51 0 0 0
r -3.65 -3.48 0.31 0 0 0
r 0.44 -2.29 -1.14 0 0 0
r -6.84 0.05 0.5 0 0 0
r -2.51 -3.37 -0.65 0 0 0
r -5.64 0.7 -0.35 0 0 0
r 6.2 -0.77 -0.28 0 0 0
r 6.35 0.91 0.18 0 0 0
r -3.91 3.93 0.16 0 0 0
r 7.49 -0.47 0.02 0 0 0
r -5.82 -0.65 1.28 0 0 0
r -0.77 3.69 -2.37 0 0 0
r -1.06 -2.83 3.66 0 0 0
r -7.64 -0.26 0.1 0 0 0
r -5.05 1.84 -0.75 0 0 0
r -0.91 2.18 2.69 0 0 0
r 2.54 3.37 0.21 0 0 0
r 5.42 1.98 0.23 0 0 0
r -4.15 3.41 0.14 0 0 0
r 0.92 5.31 0.03 0 0 0
r 7.35 -0.5 0.09 0 0 0
r -2.87 -2.99 0.21 0 0 0
r 6.43 -0.92 -0.35 0 0 0
r -6.0 -0.61 -0.99 0 0 0
r -7.72 -0.2 0.01 0 0 0
r 6.75 -0.47 0.28 0 0 0
r 0.03 4.88 0.79 0 0 0
r -2.85 0.22 1.87 0 0 0
r -7.86 -0.03 -0.03 0 0 0
r 5.78 -1.5 0.28 0 0 0
r 5.14 2.39 0.11 0 0 0
r 4.57 -2.78 0.51 0 0 0
r -1.1 4.01 -0.21 0 0 0
r 0.33 4.59 -0.4 0 0 0
r 0.17 7.37 0.25 0 0 0
r 2.11 -1.89 -0.66 0 0 0
r 3.86 2.27 -0.16 0 0 0
r 1.59 -1.32 -2.4 0 0 0
r -5.76 -0.75 -1.0 0 0 0
r 3.89 3.31 0.19 0 0 0
r -1.01 2.04 4.6 0 0 0
r -6.0 -1.86 -0.12 0 0 0
r 3.83 -2.14 1.23 0 0 0
r 3.79 -1.68 0.33 0 0 0
r 4.09 2.82 0.93 0 0 0
r -2.46 4.6 -0.36 0 0 0
r -1.93 -3.22 -2.11 0 0 0
r -1.2 3.18 1.14 0 0 0
r -6.69 0.16 -0.88 0 0 0
r -7.65 0.22 -0.07 0 0 0
r 3.49 0.48 -2.53 0 0 0
r -0.98 2.92 -0.67 0 0 0
r 4.67 2.39 0.92 0 0 0
r -4.74 0.88 -1.36 0 0 0
r 5.75 -0.65 1.57 0 0 0
r -6.87 -0.4 -0.3 0 0 0
r 7.29 0.28 -0.22 0 0 0
r 6.11 0.88 -0.58 0 0 0
r 3.67 -0.39 -1.42 0 0 0
r -2.73 2.06 -1.72 0 0 0
r 1.11 6.73 0.1 0 0 0
r 0.05 3.79 -2.56 0 0 0
r 2.19 -1.7 2.42 0 0 0
r -2.18 3.35 -1.75 0 0 0
r -1.2 -1.57 -1.46 0 0 0
r 5.68 0.17 0.57 0 0 0
r -0.21 -0.21 4.05 0 0 0
r -1.99 0.81 2.56 0 0 0
r 4.92 -0.67 0.1 0 0 0
r -1.29 1.62 -1.75 0 0 0
r 4.97 -0.58 0.17 0 0 0
r 2.07 -1.82 3.68 0 0 0
r -5.87 -2.02 0.05 0 0 0
