r 3.0 -2.69 1.71 0 0 0
r 6.49 -2.16 0.09 0 0 0
r -1.05 1.25 4.38 0 0 0
r 0.23 1.04 -3.76 0 0 0
r 5.9 -0.34 0.23 0 0 0
r 8.67 -0.02 -0.24 0 0 0
r -4.59 0.2 -0.15 0 0 0
r -0.57 -1.25 6.12 0 0 0
r -7.89 0.57 -0.13 0 0 0
r 2.44 -1.67 1.08 0 0 0
r -5.65 1.08 0.87 0 0 0
r 5.2 2.37 1.4 0 0 0
r -8.32 -0.12 -0.45 0 0 0
r -5.12 1.79 1.41 0 0 0
r -6.63 -1.65 0.39 0 0 0
r 2.37 6.24 -0.31 0 0 0
r -7.31 -0.7 -0.9 0 0 0
r -2.22 -4.96 1.32 0 0 0
r 5.53 -2.43 0.39 0 0 0
r -4.67 0.7 -0.81 0 0 0
r 8.16 0.36 -0.47 0 0 0
r -5.93 2.16 0.45 0 0 0
r -4.62 0.06 -4.19 0 0 0
r -4.56 1.4 2.0 0 0 0
r -0.39 5.31 -2.48 0 0 0
r 6.53 0.76 -0.37 0 0 0
r -7.18 0.75 0.21 0 0 0
r 0.07 -3.78 0.9 0 0 0
r 4.57 0.2 2.93 0 0 0
r -7.66 0.43 0.3 0 0 0
r 4.91 -1.87 -1.36 0 0 0
r -4.0 -0.09 -4.39 0 0 0
r -5.67 -1.37 -1.46 0 0 0
r 2.31 -2.86 2.16 0 0 0
r 5.22 2.57 -1.02 0 0 0
r 7.98 0.66 -0.05 0 0 0
r 0.07 6.17 1.29 0 0 0
r -3.25 -3.89 1.17 0 0 0
r -7.92 -0.06 -0.2 0 0 0
r -4.18 -3.02 0.03 0 0 0
r 5.24 2.07 -1.22 0 0 0
r -7.35 1.31 -0.13 0 0 0
r 2.27 -1.83 -4.0 0 0 0
r 3.98 -3.26 -1.53 0 0 0
r -5.43 -3.46 -0.03 0 0 0
r 7.75 -0.65 -0.06 0 0 0
r 7.84 -0.93 0.01 0 0 0
r 5.92 -0.89 -0.25 0 0 0
r -8.7 -0.08 -0.2 0 0 0
r 0.78 5.74 -1.81 0 0 0
r -4.51 3.85 0.0 0 0 0
r -6.51 0.73 -0.59 0 0 0
r -1.01 -5.89 -0.26 0 0 0
r -5.1 -1.06 0.27 0 0 0
r -7.51 0.75 0.65 0 0 0
r -4.17 1.91 -1.7 0 0 0
r 2.22 5.9 -0.54 0 0 0
r -7.51 1.4 -0.05 0 0 0
r 8.08 0.21 -0.44 0 0 0
r 4.34 -2.11 -1.94 0 0 0
r -1.0 -6.82 1.16 0 0 0
r 6.86 -1.84 -0.24 0 0 0
r 7.71 -1.25 -0.01 0 0 0
r -3.37 -4.63 0.94 0 0 0
r 2.93 -1.96 3.06 0 0 0
r 0.23 3.82 4.52 0 0 0
r -7.53 -1.1 0.24 0 0 0
r -5.76 -1.76 -0.58 0 0 0
r 8.11 -0.61 0.1 0 0 0
r 4.26 1.99 -1.04 0 0 0
r -0.68 6.26 -1.56 0 0 0
r -7.69 -0.57 -0.04 0 0 0
r -6.27 1.47 0.71 0 0 0
r 1.59 0.59 -4.94 0 0 0
r -6.23 2.39 0.23 0 0 0
r 2.96 4.84 -0.74 0 0 0
r 6.47 0.86 -0.42 0 0 0
r -4.84 2.68 1.38 0 0 0
r 4.73 3.07 -1.17 0 0 0
r -1.27 -2.06 -5.04 0 0 0
r -0.89 -0.15 -7.01 0 0 0
r 6.66 1.1 0.69 0 0 0
r 0.13 5.13 -0.31 0 0 0
r 5.65 -1.64 -1.47 0 0 0
r 2.71 0.93 2.08 0 0 0
r 0.94 -3.05 -0.28 0 0 0
r 3.35 2.84 2.45 0 0 0
r 1.18 -1.7 -3.82 0 0 0
r -4.38 1.75 -1.46 0 0 0
r 7.11 -0.95 -0.87 0 0 0
r 8.64 0.26 0.02 0 0 0
r 1.98 0.66 1.72 0 0 0
r 6.18 2.77 0.04 0 0 0
r 0.95 -2.1 -3.01 0 0 0
r -2.24 4.95 -1.44 0 0 0
r -0.47 -7.4 0.15 0 0 0
r 7.06 -1.18 0.44 0 0 0
r 2.53 6.37 -0.04 0 0 0
r 3.32 3.46 -2.2 0 0 0
r 2.65 1.5 2.31 0 0 0
