r -0.58 -5.54 2.56 0 0 0
r -7.76 2.04 -0.51 0 0 0
r -6.95 1.66 0.34 0 0 0
r 9.21 -1.72 0.05 0 0 0
r -7.04 0.88 0.31 0 0 0
r 5.54 5.31 0.08 0 0 0
r -6.61 2.33 -0.08 0 0 0
r 5.14 -2.03 1.39 0 0 0
r -8.5 -1.55 0.84 0 0 0
r 3.03 4.45 1.69 0 0 0
r 1.07 5.97 3.37 0 0 0
r 9.64 -0.79 0.44 0 0 0
r -0.36 -7.11 -2.53 0 0 0
r -10.3 0.18 0.51 0 0 0
r 4.77 2.18 -2.78 0 0 0
r 2.47 -7.11 0.06 0 0 0
r 10.62 -0.1 -0.19 0 0 0
r 0.4 5.2 -2.66 0 0 0
r 10.32 0.21 0.29 0 0 0
r 10.24 -0.56 -0.18 0 0 0
r 7.48 -2.92 0.31 0 0 0
r -6.83 1.32 1.33 0 0 0
r -5.95 -0.33 2.07 0 0 0
r -7.42 1.39 -1.82 0 0 0
r -10.5 -0.48 0.02 0 0 0
r 4.95 3.16 -1.09 0 0 0
r -9.99 -0.71 -0.01 0 0 0
r 10.08 0.85 -0.01 0 0 0
r -10.69 0.3 -0.01 0 0 0
r 3.44 6.95 -0.44 0 0 0
r -7.64 1.06 -0.47 0 0 0
r 9.65 0.88 -0.04 0 0 0
r 8.47 -1.42 0.05 0 0 0
r 3.17 6.68 0.45 0 0 0
r 10.14 -0.39 0.08 0 0 0
r 8.93 -0.7 1.04 0 0 0
r 2.6 -1.07 -5.96 0 0 0
r -9.18 -1.7 0.02 0 0 0
r -7.64 -3.11 -0.1 0 0 0
r 1.8 5.23 3.52 0 0 0
r -8.97 -0.69 -0.35 0 0 0
r -6.62 -3.65 -0.14 0 0 0
r -6.55 2.86 -1.04 0 0 0
r 10.79 -0.08 -0.1 0 0 0
r -8.44 0.15 -1.06 0 0 0
r 3.69 -4.73 -0.33 0 0 0
r 10.78 -0.15 -0.02 0 0 0
r 3.43 -7.15 -0.41 0 0 0
r 2.2 -5.66 1.23 0 0 0
r -5.65 3.81 0.43 0 0 0
r 2.63 -4.25 2.37 0 0 0
r 1.71 6.29 -0.35 0 0 0
r -7.08 -3.58 -0.25 0 0 0
r 3.94 3.86 -3.01 0 0 0
r 8.96 1.06 -0.22 0 0 0
r 7.97 1.16 -1.64 0 0 0
r -5.33 -3.29 -1.27 0 0 0
r -0.05 5.18 3.41 0 0 0
r -1.16 -8.87 -0.86 0 0 0
r 5.55 -5.09 -0.03 0 0 0
r 1.15 8.64 0.78 0 0 0
r -5.75 2.15 0.31 0 0 0
r 10.66 -0.03 0.06 0 0 0
r 3.14 0.31 5.39 0 0 0
r 4.2 -3.75 -2.66 0 0 0
r 0.43 1.35 -6.11 0 0 0
r 1.72 3.24 5.49 0 0 0
r 3.18 -1.66 -4.61 0 0 0
r 6.07 -2.15 2.17 0 0 0
r -9.77 0.18 0.49 0 0 0
r -8.41 -0.41 0.62 0 0 0
r 0.69 -2.4 5.09 0 0 0
r -9.91 0.95 0.12 0 0 0
r 5.48 -1.15 -4.28 0 0 0
r -4.91 5.52 -0.19 0 0 0
r 0.68 5.2 3.69 0 0 0
r -0.79 7.56 -1.78 0 0 0
r 5.0 -5.88 0.03 0 0 0
r 9.26 -1.1 0.48 0 0 0
r 7.3 -1.9 -1.57 0 0 0
r 6.46 -3.47 0.98 0 0 0
r -3.39 7.14 0.1 0 0 0
r -9.42 -1.36 -0.04 0 0 0
r -10.75 0.02 -0.01 0 0 0
r 5.39 -1.43 -3.65 0 0 0
r -7.08 0.46 -0.41 0 0 0
r 4.16 4.74 -0.59 0 0 0
r 9.82 -0.93 -0.19 0 0 0
r -10.62 -0.19 -0.14 0 0 0
r -10.28 0.16 0.33 0 0 0
r -3.05 6.9 -0.35 0 0 0
r 10.28 0.35 0.2 0 0 0
r 2.65 1.87 6.07 0 0 0
r 9.48 1.49 -0.03 0 0 0
r -5.39 0.67 -4.88 0 0 0
r 9.65 0.28 0.72 0 0 0
r -0.06 7.72 1.79 0 0 0
r 6.47 3.52 -0.39 0 0 0
r 9.4 -0.85 -0.2 0 0 0
r -3.47 -0.27 4.39 0 0 0
