r -6.0 0.37 -0.38 0 0 0
r 1.85 -9.17 0.03 0 0 0
r -9.63 0.73 1.27 0 0 0
r 1.94 -5.66 -1.87 0 0 0
r 4.33 7.58 -0.04 0 0 0
r -8.01 2.56 0.05 0 0 0
r 4.86 2.29 -3.42 0 0 0
r 8.06 -0.23 2.16 0 0 0
r -4.55 5.32 1.83 0 0 0
r 11.48 0.23 -0.14 0 0 0
r -0.25 -11.6 0.06 0 0 0
r -9.81 -1.05 0.41 0 0 0
r 7.35 -3.76 -0.32 0 0 0
r 2.35 -8.63 0.05 0 0 0
r 10.21 0.19 -0.84 0 0 0
r 6.84 2.55 1.41 0 0 0
r 8.3 -1.9 -0.94 0 0 0
r 6.49 1.47 -3.73 0 0 0
r 8.5 -2.49 0.6 0 0 0
r -6.2 -3.36 1.19 0 0 0
r -8.68 0.83 -0.13 0 0 0
r -6.18 5.73 -0.08 0 0 0
r -11.18 0.31 -0.02 0 0 0
r -6.9 2.41 -0.74 0 0 0
r 9.79 -0.72 -0.1 0 0 0
r -4.55 5.86 1.47 0 0 0
r 0.57 7.88 -0.16 0 0 0
r -2.57 -5.64 1.63 0 0 0
r -1.1 5.51 -4.88 0 0 0
r -3.63 -7.0 1.08 0 0 0
r -1.02 -8.87 0.05 0 0 0
r -8.11 -1.94 0.26 0 0 0
r 3.09 3.39 -5.45 0 0 0
r -9.84 0.84 0.35 0 0 0
r 9.91 0.89 -0.26 0 0 0
r -8.07 -1.61 -2.11 0 0 0
r 6.53 0.68 0.39 0 0 0
r 3.29 5.95 0.09 0 0 0
r 9.95 -0.12 0.41 0 0 0
r 1.25 -8.84 -1.17 0 0 0
r -9.82 0.68 -0.19 0 0 0
r 2.01 7.85 0.6 0 0 0
r 0.04 -10.73 -0.62 0 0 0
r -5.63 -2.19 -0.7 0 0 0
r -8.39 3.3 -0.1 0 0 0
r 11.34 -0.19 0.15 0 0 0
r 9.77 -0.18 0.16 0 0 0
r 6.75 -5.07 0.06 0 0 0
r 1.4 5.08 -2.91 0 0 0
r -8.51 -0.19 -1.57 0 0 0
r -3.14 6.54 0.52 0 0 0
r 6.18 -1.93 -2.78 0 0 0
r -9.89 0.59 0.34 0 0 0
r -1.17 -9.33 -0.94 0 0 0
r -5.64 -0.16 -3.54 0 0 0
r 5.84 3.27 -1.44 0 0 0
r 7.31 -3.91 -0.15 0 0 0
r 7.8 -0.55 -1.14 0 0 0
r -5.48 -5.75 -0.25 0 0 0
r -11.54 -0.31 -0.09 0 0 0
r -6.98 -0.43 4.53 0 0 0
r 3.49 -8.24 -0.04 0 0 0
r 3.46 -4.87 -3.56 0 0 0
r 7.21 -3.08 0.14 0 0 0
r -2.15 5.94 2.31 0 0 0
r 9.26 2.0 0.34 0 0 0
r -6.35 -1.02 -0.18 0 0 0
r -7.59 -2.32 -0.35 0 0 0
r -9.29 -2.12 -0.24 0 0 0
r -11.12 -0.6 -0.03 0 0 0
r 2.08 -2.24 6.27 0 0 0
r -7.71 2.27 1.9 0 0 0
r -3.33 7.82 0.5 0 0 0
r 7.02 2.58 2.15 0 0 0
r 8.34 1.3 0.72 0 0 0
r 10.19 -1.0 0.07 0 0 0
r 10.76 1.06 -0.03 0 0 0
r -0.14 10.19 -0.86 0 0 0
r 4.51 -6.65 0.71 0 0 0
r -11.81 -0.02 -0.13 0 0 0
r 4.21 -5.72 1.91 0 0 0
r 4.64 5.93 0.11 0 0 0
r -11.17 0.03 -0.34 0 0 0
r 8.14 1.25 -0.43 0 0 0
r 1.57 -8.29 0.74 0 0 0
r -7.32 0.18 2.62 0 0 0
r -6.81 -2.17 -2.94 0 0 0
r -10.68 1.09 -0.09 0 0 0
r -11.72 0.1 0.07 0 0 0
r 9.91 -0.45 -1.48 0 0 0
r -0.04 0.28 -10.21 0 0 0
r -1.92 8.35 0.36 0 0 0
r -10.52 0.59 0.76 0 0 0
r 4.35 5.03 1.02 0 0 0
r -0.07 -11.66 0.01 0 0 0
r -6.12 -4.8 0.05 0 0 0
r 6.6 3.36 0.01 0 0 0
r 0.68 5.76 1.63 0 0 0
r -2.78 -2.76 -6.32 0 0 0
r -4.89 4.16 1.61 0 0 0
