r 11.91 0.53 0.47 0 0 0
r 12.53 0.26 -0.09 0 0 0
r 2.7 -4.86 4.15 0 0 0
r 7.16 -5.19 0.36 0 0 0
r 3.59 -0.16 -6.9 0 0 0
r -6.38 -2.25 3.42 0 0 0
r -8.7 -0.36 -3.19 0 0 0
r 10.26 -1.95 -0.65 0 0 0
r -9.0 0.8 -1.92 0 0 0
r 11.24 0.19 -0.03 0 0 0
r 8.33 -4.37 -0.17 0 0 0
r -7.9 -2.8 -1.49 0 0 0
r -4.55 0.06 -5.85 0 0 0
r -9.93 1.32 -0.54 0 0 0
r 12.53 0.39 0.05 0 0 0
r 5.86 0.74 -3.94 0 0 0
r 11.08 -1.01 0.03 0 0 0
r 9.53 -3.12 -0.31 0 0 0
r -6.02 2.84 -0.2 0 0 0
r 4.84 -1.94 -6.15 0 0 0
r -8.94 1.98 -0.64 0 0 0
r 9.96 1.07 -0.28 0 0 0
r 9.78 -1.43 -0.67 0 0 0
r -9.7 1.21 1.44 0 0 0
r -0.98 3.46 7.06 0 0 0
r 9.59 1.01 1.6 0 0 0
r -6.95 -4.18 1.47 0 0 0
r -4.96 4.44 1.73 0 0 0
r 0.68 -10.74 0.91 0 0 0
r 0.76 9.25 2.45 0 0 0
r 12.2 0.51 -0.04 0 0 0
r -2.63 -8.56 -0.94 0 0 0
r 10.37 0.99 1.25 0 0 0
r -2.05 7.12 -1.18 0 0 0
r -8.13 1.47 -0.97 0 0 0
r 0.11 -12.43 0.26 0 0 0
r 5.1 -4.22 -3.34 0 0 0
r -0.52 11.46 0.81 0 0 0
r 4.75 6.89 -0.14 0 0 0
r 9.97 -1.25 1.55 0 0 0
r 6.28 -3.52 2.47 0 0 0
r 10.0 -2.17 0.49 0 0 0
r -0.66 9.77 0.5 0 0 0
r -10.66 1.95 0.1 0 0 0
r 12.28 0.08 -0.59 0 0 0
r -3.65 -6.73 -0.65 0 0 0
r -6.27 5.88 -0.08 0 0 0
r -8.21 2.98 0.73 0 0 0
r -6.41 -0.43 -3.77 0 0 0
r -7.85 0.78 -0.49 0 0 0
r 2.07 9.15 -0.46 0 0 0
r 3.82 7.47 -0.47 0 0 0
r 10.04 0.36 -1.97 0 0 0
r 7.86 -1.48 0.58 0 0 0
r 6.38 -6.12 0.01 0 0 0
r 4.85 0.91 4.54 0 0 0
r -9.0 -1.5 0.78 0 0 0
r -12.1 -0.43 0.22 0 0 0
r -0.01 -10.87 0.87 0 0 0
r -9.8 -2.38 0.45 0 0 0
r 3.07 2.35 5.87 0 0 0
r 2.21 6.67 -0.42 0 0 0
r -1.35 -10.15 -1.34 0 0 0
r 12.31 -0.14 0.31 0 0 0
r 6.34 -2.43 -1.2 0 0 0
r -12.64 -0.35 0.0 0 0 0
r -9.65 0.5 2.76 0 0 0
r -10.99 0.15 -0.92 0 0 0
r 10.93 -1.51 0.52 0 0 0
r -12.36 -0.21 0.08 0 0 0
r -10.21 1.08 0.06 0 0 0
r 8.68 1.33 -0.94 0 0 0
r 9.84 -1.83 0.76 0 0 0
r -11.01 -1.63 0.25 0 0 0
r -2.08 10.44 0.48 0 0 0
r 2.12 -7.49 0.53 0 0 0
r -10.26 -0.12 0.81 0 0 0
r 9.65 -1.18 0.86 0 0 0
r 5.16 -7.21 -0.35 0 0 0
r -1.78 -9.21 0.21 0 0 0
r -4.66 5.72 -0.52 0 0 0
r 11.02 -1.2 -0.66 0 0 0
r -11.76 0.08 -0.56 0 0 0
r -9.05 -1.61 -1.34 0 0 0
r -2.26 9.71 0.66 0 0 0
r -2.06 -9.7 -0.1 0 0 0
r 5.06 1.22 -5.93 0 0 0
r 9.74 1.92 0.82 0 0 0
r 7.65 -4.57 -0.37 0 0 0
r 12.02 0.39 0.41 0 0 0
r 9.45 -1.32 -0.64 0 0 0
r 9.02 1.99 0.07 0 0 0
r -0.73 11.79 0.27 0 0 0
r -11.16 -1.68 -0.11 0 0 0
r -8.7 -1.09 -2.23 0 0 0
r -9.07 0.76 0.04 0 0 0
r 11.66 -0.24 0.51 0 0 0
r -0.65 12.06 0.14 0 0 0
r 1.83 6.98 -2.36 0 0 0
r -2.17 8.13 2.1 0 0 0
