r 9.9 -2.53 0.47 0 0 0
r 0.48 -9.3 1.4 0 0 0
r -7.53 -1.85 -1.7 0 0 0
r -0.52 -7.17 0.43 0 0 0
r 7.13 0.34 5.28 0 0 0
r -10.87 -1.22 1.38 0 0 0
r 9.17 2.24 0.32 0 0 0
r -7.88 4.51 -0.64 0 0 0
r 9.41 2.76 0.01 0 0 0
r -5.7 8.03 0.02 0 0 0
r 9.61 0.38 -0.32 0 0 0
r 7.58 -2.99 3.28 0 0 0
r -4.82 4.92 2.92 0 0 0
r 5.32 -5.72 -0.35 0 0 0
r 1.06 7.44 -0.17 0 0 0
r 12.51 0.59 0.8 0 0 0
r 10.92 1.03 1.95 0 0 0
r 1.04 -8.87 -1.37 0 0 0
r 4.93 6.68 0.67 0 0 0
r -12.45 0.1 -1.32 0 0 0
r 8.41 0.6 -3.25 0 0 0
r -8.35 2.47 1.17 0 0 0
r 11.65 -1.43 0.09 0 0 0
r 11.71 -1.71 0.57 0 0 0
r 6.12 -6.76 0.95 0 0 0
r -10.15 -2.77 -0.95 0 0 0
r 1.99 -7.43 4.37 0 0 0
r 3.31 9.27 0.46 0 0 0
r 7.43 1.53 -2.86 0 0 0
r -4.75 -7.37 1.48 0 0 0
r -11.45 1.78 0.31 0 0 0
r -3.65 7.98 1.43 0 0 0
r -12.51 0.73 -0.01 0 0 0
r 6.58 5.63 -0.57 0 0 0
r 3.0 7.0 2.58 0 0 0
r 1.97 2.66 7.83 0 0 0
r -5.77 4.7 -1.61 0 0 0
r -8.31 3.14 -0.15 0 0 0
r 10.62 1.5 1.16 0 0 0
r -11.8 1.35 -0.42 0 0 0
r -8.74 -2.07 2.75 0 0 0
r 6.8 -6.7 -0.22 0 0 0
r 8.88 0.7 -0.82 0 0 0
r 13.33 0.37 0.16 0 0 0
r 12.38 -1.07 -0.29 0 0 0
r 12.46 -1.04 0.02 0 0 0
r 3.89 -2.42 -5.93 0 0 0
r -5.61 4.18 3.46 0 0 0
r 12.65 -1.13 0.12 0 0 0
r -0.89 2.9 8.39 0 0 0
r 7.41 -1.38 2.69 0 0 0
r -12.61 0.33 -0.88 0 0 0
r 9.03 4.29 -0.41 0 0 0
r 8.72 -1.51 -1.68 0 0 0
r 4.93 -8.31 -0.69 0 0 0
r 9.79 1.54 0.57 0 0 0
r 0.54 -11.07 1.77 0 0 0
r 7.73 -5.08 -0.26 0 0 0
r 11.16 1.6 -1.1 0 0 0
r 2.37 -0.49 9.68 0 0 0
r -9.34 2.93 -0.81 0 0 0
r -5.39 -3.82 2.54 0 0 0
r 9.61 -0.08 1.83 0 0 0
r -12.72 0.39 -0.39 0 0 0
r -5.74 6.09 0.49 0 0 0
r 4.72 -2.44 6.08 0 0 0
r -5.75 6.94 0.9 0 0 0
r -6.01 -3.48 -4.16 0 0 0
r -13.13 0.76 0.02 0 0 0
r 11.51 -2.22 0.09 0 0 0
r -11.84 1.57 -0.47 0 0 0
r 11.64 1.48 -0.59 0 0 0
r -10.75 3.18 -0.01 0 0 0
r -10.76 -0.11 -0.37 0 0 0
r -12.1 -1.59 -0.08 0 0 0
r -9.17 -3.13 0.76 0 0 0
r -11.24 1.26 -0.65 0 0 0
r 7.96 4.13 0.23 0 0 0
r -9.57 0.39 -3.79 0 0 0
r -7.19 -4.42 -2.22 0 0 0
r -7.59 4.24 -0.11 0 0 0
r -9.38 -3.13 -0.9 0 0 0
r 11.69 1.87 -0.12 0 0 0
r 12.5 1.45 0.03 0 0 0
r 13.63 0.32 0.04 0 0 0
r 6.06 7.37 -0.32 0 0 0
r -11.1 0.54 -0.07 0 0 0
r 6.35 -0.14 -3.36 0 0 0
r 0.61 -11.49 -1.08 0 0 0
r 8.45 -0.42 -2.61 0 0 0
r 11.83 -1.55 -0.48 0 0 0
r 7.59 1.88 4.0 0 0 0
r 13.24 0.32 -0.13 0 0 0
r -8.13 -0.45 -3.74 0 0 0
r -6.7 -3.99 -2.26 0 0 0
r 6.72 -2.18 -1.02 0 0 0
r -11.98 1.89 -0.1 0 0 0
r -5.92 -7.45 0.06 0 0 0
r -2.46 -8.94 0.7 0 0 0
r 9.24 -2.63 -1.58 0 0 0
