r -4.28 2.03 -0.29 0 0 0
r -1.22 -0.75 3.43 0 0 0
r -6.19 0.34 -0.09 0 0 0
r -3.99 0.37 -1.16 0 0 0
r 4.37 -0.05 -1.15 0 0 0
r 5.17 -1.04 -0.67 0 0 0
r -3.95 2.18 0.42 0 0 0
r -1.17 3.21 1.67 0 0 0
r 5.88 -0.25 -0.8 0 0 0
r 6.59 -0.2 0.0 0 0 0
r -0.42 4.7 -0.82 0 0 0
r -1.7 -5.18 -0.08 0 0 0
r -5.44 -0.09 0.03 0 0 0
r -4.82 -0.35 0.18 0 0 0
r 1.96 3.7 1.05 0 0 0
r -4.24 -0.68 1.7 0 0 0
r 5.23 -0.07 -0.92 0 0 0
r -0.84 -1.42 4.09 0 0 0
r 6.16 0.27 0.16 0 0 0
r -6.31 0.07 0.04 0 0 0
r -1.89 4.54 -0.03 0 0 0
r -4.61 0.76 1.4 0 0 0
r 2.14 -4.57 0.12 0 0 0
r 5.44 0.91 -0.5 0 0 0
r 3.4 0.74 -0.81 0 0 0
r -3.47 -0.68 0.14 0 0 0
r -3.84 -1.86 -1.08 0 0 0
r -5.48 -1.46 -0.01 0 0 0
r -5.02 1.05 0.47 0 0 0
r -4.84 0.48 -0.22 0 0 0
r 6.54 0.3 0.01 0 0 0
r 2.93 3.85 -0.21 0 0 0
r -5.38 0.32 -0.4 0 0 0
r -3.9 -2.71 -0.06 0 0 0
r 6.48 -0.12 -0.13 0 0 0
r 3.86 -0.94 0.78 0 0 0
r 2.24 -3.62 0.1 0 0 0
r 0.96 -5.81 -0.14 0 0 0
r -2.79 -4.16 0.02 0 0 0
r 4.87 0.03 -1.17 0 0 0
r 6.81 -0.06 0.03 0 0 0
r 3.79 -0.89 -0.56 0 0 0
r 4.17 -2.6 0.01 0 0 0
r 4.42 2.06 0.34 0 0 0
r -5.41 0.08 -0.32 0 0 0
r 0.38 6.28 0.12 0 0 0
r -6.9 0.03 0.07 0 0 0
r -6.61 -0.22 -0.12 0 0 0
r 1.98 -2.86 -2.08 0 0 0
r -0.31 6.27 -0.13 0 0 0
r 3.53 1.01 0.43 0 0 0
r 3.66 1.69 1.55 0 0 0
r -4.44 1.28 -0.13 0 0 0
r -1.2 -5.52 -0.09 0 0 0
r -6.7 -0.19 0.09 0 0 0
r 6.81 -0.01 0.1 0 0 0
r 6.03 0.55 0.37 0 0 0
r 3.55 -2.19 -1.2 0 0 0
r 5.08 0.9 0.62 0 0 0
r 6.25 -0.02 -0.53 0 0 0
r 5.0 -0.1 0.11 0 0 0
r 1.04 5.06 -0.49 0 0 0
r 0.41 -0.92 -4.75 0 0 0
r -6.86 0.0 0.03 0 0 0
r -1.21 4.82 -0.27 0 0 0
r 3.26 -3.24 0.34 0 0 0
r -6.45 -0.25 0.15 0 0 0
r -5.5 1.27 -0.14 0 0 0
r 1.6 1.4 3.7 0 0 0
r 4.73 -0.77 -0.49 0 0 0
r 6.85 -0.09 -0.01 0 0 0
r -3.02 -0.53 2.69 0 0 0
r -3.6 -2.53 -0.02 0 0 0
r -2.0 -3.43 -0.3 0 0 0
r -2.65 -1.46 2.14 0 0 0
r -4.58 1.43 -0.77 0 0 0
r -1.28 4.08 0.28 0 0 0
r 3.18 -3.76 -0.04 0 0 0
r -5.58 -1.17 -0.08 0 0 0
r -6.13 -0.19 -0.6 0 0 0
r -2.2 4.33 -0.11 0 0 0
r -3.73 -2.57 -0.46 0 0 0
r -3.73 -1.96 0.63 0 0 0
r -4.12 -0.69 0.56 0 0 0
r 4.14 -0.16 1.56 0 0 0
r 4.05 -2.4 0.43 0 0 0
r -4.13 -1.38 1.34 0 0 0
r -5.59 -0.31 -1.01 0 0 0
r -1.21 1.29 -3.72 0 0 0
r 2.17 -4.51 0.17 0 0 0
r 3.16 -2.56 1.14 0 0 0
r -2.54 3.88 -0.41 0 0 0
r 1.81 2.71 2.41 0 0 0
r -2.33 3.28 -0.85 0 0 0
r -6.84 0.08 -0.03 0 0 0
r 3.37 1.6 -0.98 0 0 0
r 3.02 3.83 -0.12 0 0 0
r -1.35 4.96 -0.23 0 0 0
r 2.13 -0.33 -4.3 0 0 0
r 0.21 -4.29 -1.19 0 0 0
