r -3.53 -4.4 0.23 0 0 0
r 5.32 1.41 1.77 0 0 0
r 0.94 -4.34 -2.15 0 0 0
r -5.34 2.41 0.67 0 0 0
r 8.39 -0.46 0.01 0 0 0
r 5.34 -0.57 -1.35 0 0 0
r 6.3 2.19 -0.48 0 0 0
r -5.72 2.21 -0.9 0 0 0
r -5.33 0.78 0.28 0 0 0
r 8.44 -0.43 0.09 0 0 0
r 8.66 0.11 -0.04 0 0 0
r -2.39 4.59 -1.79 0 0 0
r -5.9 -2.87 0.22 0 0 0
r 0.92 4.35 1.51 0 0 0
r 7.0 -1.42 -0.52 0 0 0
r -4.44 2.93 0.51 0 0 0
r -1.0 -6.38 -1.25 0 0 0
r -5.03 -3.72 0.11 0 0 0
r 5.82 -2.12 0.34 0 0 0
r 6.21 -1.4 1.37 0 0 0
r 7.06 -1.02 0.55 0 0 0
r -0.11 4.52 1.05 0 0 0
r -5.9 -1.18 0.15 0 0 0
r 8.67 0.24 -0.03 0 0 0
r 1.09 -0.57 -5.64 0 0 0
r 0.68 5.01 1.04 0 0 0
r 0.72 -4.66 1.71 0 0 0
r 5.42 0.08 -0.38 0 0 0
r 6.72 -0.87 0.9 0 0 0
r -1.31 -1.39 -5.65 0 0 0
r -2.68 2.55 -2.78 0 0 0
r 2.93 5.39 -0.21 0 0 0
r 4.54 -2.36 -1.39 0 0 0
r 5.83 -0.8 0.16 0 0 0
r -6.67 -2.03 0.01 0 0 0
r 4.43 -0.84 1.04 0 0 0
r 3.21 1.29 -3.03 0 0 0
r 8.3 -0.37 0.26 0 0 0
r 5.36 -0.76 0.62 0 0 0
r -7.57 0.41 -0.25 0 0 0
r -5.62 -2.42 0.43 0 0 0
r -4.8 -0.45 -2.82 0 0 0
r 0.36 -5.19 -2.98 0 0 0
r 7.68 0.22 -0.58 0 0 0
r -8.6 -0.17 0.07 0 0 0
r -7.23 0.48 -0.39 0 0 0
r 1.17 5.04 -2.45 0 0 0
r -8.64 -0.36 0.0 0 0 0
r 4.41 1.74 -0.21 0 0 0
r -6.49 2.34 -0.01 0 0 0
r 5.79 1.24 -1.56 0 0 0
r 8.71 -0.19 -0.04 0 0 0
r -4.06 -0.53 2.11 0 0 0
r 1.29 -7.56 -0.13 0 0 0
r 7.27 0.44 0.11 0 0 0
r -2.75 -0.45 -4.67 0 0 0
r -1.44 6.75 0.04 0 0 0
r -6.54 -2.43 0.01 0 0 0
r 6.37 0.53 -1.65 0 0 0
r 6.21 -1.0 -0.61 0 0 0
r 6.92 0.35 -0.95 0 0 0
r -4.1 0.32 -2.06 0 0 0
r -5.58 -3.24 -0.1 0 0 0
r -4.15 -3.04 -0.38 0 0 0
r -5.4 3.56 -0.02 0 0 0
r -1.49 -4.87 -1.05 0 0 0
r -2.15 6.62 -0.11 0 0 0
r -3.94 3.27 -0.48 0 0 0
r 6.53 -2.27 0.2 0 0 0
r -8.7 0.02 0.11 0 0 0
r -0.94 3.21 3.17 0 0 0
r -2.84 -2.33 3.45 0 0 0
r 3.73 2.9 0.7 0 0 0
r -3.39 -5.43 -0.14 0 0 0
r 8.6 -0.39 -0.01 0 0 0
r -4.92 1.04 0.44 0 0 0
r 2.06 -6.56 0.33 0 0 0
r 6.91 0.52 -0.75 0 0 0
r -5.59 -2.75 -0.29 0 0 0
r -0.69 -4.94 2.77 0 0 0
r -6.29 -1.18 -0.42 0 0 0
r -7.87 -1.11 0.02 0 0 0
r 5.49 -1.44 1.43 0 0 0
r -5.81 -2.07 0.24 0 0 0
r 6.49 -1.39 0.57 0 0 0
r -5.86 0.0 -1.21 0 0 0
r 4.48 3.17 -0.95 0 0 0
r -8.49 -0.03 0.05 0 0 0
r 7.38 -1.19 0.43 0 0 0
r 5.39 -3.53 -0.03 0 0 0
r -4.24 0.07 3.77 0 0 0
r -3.24 4.9 -0.68 0 0 0
r -0.97 -3.82 2.65 0 0 0
r 8.14 -0.04 0.42 0 0 0
r -8.45 -0.03 -0.17 0 0 0
r -5.82 -0.23 -0.85 0 0 0
r 8.24 0.19 -0.13 0 0 0
r 1.5 6.24 -0.62 0 0 0
r -4.06 -0.58 -3.39 0 0 0
r -1.96 4.39 -2.02 0 0 0
