r -0.52 -1.27 8.15 0 0 0
r 1.89 -0.11 8.0 0 0 0
r 1.11 -0.72 8.09 0 0 0
r 1.01 0.93 8.01 0 0 0
r -1.88 0.04 7.96 0 0 0
r 1.32 -0.42 8.18 0 0 0
r 1.19 -0.19 7.87 0 0 0
r -0.9 -0.67 8.29 0 0 0
r 0.84 0.86 8.15 0 0 0
r 1.23 0.7 8.02 0 0 0
r 1.73 -0.12 8.09 0 0 0
r -0.75 0.16 7.48 0 0 0
r -0.16 -1.22 8.56 0 0 0
r -1.35 0.06 7.93 0 0 0
r -1.7 -0.16 7.96 0 0 0
r 0.1 -0.51 7.04 0 0 0
r 1.02 0.16 8.74 0 0 0
r 1.84 0.01 7.88 0 0 0
r -1.38 0.26 7.77 0 0 0
r 0.7 0.96 8.18 0 0 0
r -0.11 1.16 7.41 0 0 0
r 1.62 -0.07 7.88 0 0 0
r 0.49 -1.03 8.35 0 0 0
r 1.77 0.21 8.01 0 0 0
r -1.0 0.73 7.95 0 0 0
r -1.48 0.37 8.15 0 0 0
r -1.39 0.46 8.08 0 0 0
r -1.0 0.03 8.83 0 0 0
r -1.67 0.04 7.89 0 0 0
r -1.52 -0.19 8.28 0 0 0
r 0.63 -0.3 7.94 0 0 0
r -1.62 0.19 8.12 0 0 0
r -1.95 0.03 8.0 0 0 0
r -0.06 1.42 7.52 0 0 0
r 0.63 0.11 7.53 0 0 0
r -0.5 -0.35 8.0 0 0 0
r 1.03 -0.35 7.92 0 0 0
r -0.34 1.39 8.2 0 0 0
r -1.28 0.25 7.73 0 0 0
r 1.0 -0.2 7.97 0 0 0
r -0.47 0.94 8.53 0 0 0
r -0.17 -1.3 7.79 0 0 0
r 1.21 -0.76 7.98 0 0 0
r -1.14 -0.78 8.0 0 0 0
r -0.66 -0.58 8.14 0 0 0
r -0.24 -1.45 7.77 0 0 0
r 0.9 0.37 8.67 0 0 0
r -1.07 0.76 7.88 0 0 0
r 0.16 -0.45 8.92 0 0 0
r -1.94 -0.05 8.0 0 0 0
r 1.3 -0.68 7.99 0 0 0
r 1.68 0.28 7.97 0 0 0
r 1.19 0.38 8.29 0 0 0
r 1.61 0.04 8.15 0 0 0
r 0.21 1.16 7.82 0 0 0
r 1.94 -0.02 8.04 0 0 0
r 1.88 -0.01 7.95 0 0 0
r -0.02 0.7 8.95 0 0 0
r 1.19 -0.17 8.06 0 0 0
r -0.97 0.61 8.21 0 0 0
r -0.39 1.17 7.97 0 0 0
r -1.8 -0.02 8.0 0 0 0
r -1.62 0.32 8.01 0 0 0
r 1.41 -0.26 8.04 0 0 0
r -1.02 0.39 8.28 0 0 0
r 0.02 1.88 8.07 0 0 0
r -1.71 0.01 8.0 0 0 0
r -1.27 0.71 7.99 0 0 0
r -1.64 0.12 8.08 0 0 0
r -1.24 -0.34 8.09 0 0 0
r 0.01 -1.39 8.23 0 0 0
r -1.89 -0.06 8.05 0 0 0
r -0.91 -1.04 8.01 0 0 0
r 0.09 -1.64 8.08 0 0 0
r -1.74 0.24 8.02 0 0 0
r 0.84 -0.69 7.85 0 0 0
r -0.07 1.35 8.39 0 0 0
r -1.23 0.48 8.22 0 0 0
r -1.35 0.56 7.91 0 0 0
r -1.86 0.01 8.12 0 0 0
r 1.4 -0.21 8.18 0 0 0
r 0.88 0.27 7.34 0 0 0
r -1.19 0.61 7.81 0 0 0
r 1.62 0.06 8.25 0 0 0
r 1.25 0.03 8.54 0 0 0
r 0.1 0.36 8.45 0 0 0
r -1.93 -0.07 8.0 0 0 0
r 1.47 -0.42 8.1 0 0 0
r 0.45 -1.11 8.11 0 0 0
r -1.15 -0.29 7.86 0 0 0
r -0.21 0.27 6.98 0 0 0
r 0.78 -1.18 8.01 0 0 0
r -0.19 -1.21 8.41 0 0 0
r 1.83 -0.13 8.0 0 0 0
r 0.75 1.03 8.2 0 0 0
r -1.38 0.58 8.0 0 0 0
r -0.98 -0.12 7.72 0 0 0
r 1.67 -0.14 7.88 0 0 0
r 0.11 -0.31 8.32 0 0 0
r -1.08 -0.29 7.49 0 0 0
