r 0.23 -1.18 7.3 0 0 0
r 1.45 0.9 8.36 0 0 0
r -2.91 -0.02 8.02 0 0 0
r -0.11 2.85 7.96 0 0 0
r -1.77 -0.85 7.82 0 0 0
r -0.71 2.26 8.02 0 0 0
r -1.98 0.02 8.22 0 0 0
r -1.0 1.78 8.07 0 0 0
r -1.32 -0.28 8.08 0 0 0
r 2.42 0.52 7.95 0 0 0
r -0.91 -0.98 8.1 0 0 0
r -0.79 -1.4 8.61 0 0 0
r 2.24 0.31 7.7 0 0 0
r -2.77 -0.21 7.99 0 0 0
r 1.95 0.39 8.27 0 0 0
r 1.65 0.73 7.8 0 0 0
r -1.7 -0.46 8.3 0 0 0
r 2.38 -0.15 8.0 0 0 0
r -0.33 -1.77 8.03 0 0 0
r 0.35 1.78 7.89 0 0 0
r -0.74 0.71 7.59 0 0 0
r -2.95 0.05 8.0 0 0 0
r -0.51 0.26 6.76 0 0 0
r -2.29 0.2 8.39 0 0 0
r -0.12 -0.45 7.01 0 0 0
r -2.22 0.73 7.96 0 0 0
r 0.02 1.08 7.63 0 0 0
r -2.03 0.44 8.11 0 0 0
r 1.73 -0.28 7.75 0 0 0
r -2.24 -0.39 8.34 0 0 0
r -0.88 -0.48 7.21 0 0 0
r -0.74 1.04 7.91 0 0 0
r 2.0 0.32 8.36 0 0 0
r -1.61 1.08 8.05 0 0 0
r 1.22 0.67 7.83 0 0 0
r -0.1 1.65 7.96 0 0 0
r 1.28 -1.31 7.73 0 0 0
r 2.65 0.12 8.09 0 0 0
r 2.12 0.56 8.12 0 0 0
r 1.84 0.19 8.75 0 0 0
r -2.66 0.03 7.97 0 0 0
r -2.59 0.28 7.89 0 0 0
r -1.12 -1.85 8.02 0 0 0
r 0.81 1.23 7.49 0 0 0
r 0.75 -1.24 8.75 0 0 0
r 2.08 0.84 7.97 0 0 0
r 0.67 0.85 6.63 0 0 0
r -0.76 -1.36 8.13 0 0 0
r -0.84 1.2 7.66 0 0 0
r -0.12 -1.61 8.74 0 0 0
r -0.13 0.91 8.93 0 0 0
r -2.76 -0.05 7.94 0 0 0
r -2.67 -0.22 7.99 0 0 0
r -1.86 -0.83 8.0 0 0 0
r 0.54 0.95 6.64 0 0 0
r -0.49 1.34 7.87 0 0 0
r -1.36 -0.81 8.37 0 0 0
r 1.38 0.05 7.43 0 0 0
r -0.33 -1.08 7.13 0 0 0
r -1.16 1.82 8.02 0 0 0
r -0.6 -0.21 6.7 0 0 0
r -2.83 -0.14 8.02 0 0 0
r -2.82 0.11 7.97 0 0 0
r 2.97 0.03 8.0 0 0 0
r 0.49 1.5 8.57 0 0 0
r 0.03 -2.75 8.17 0 0 0
r -0.06 -2.49 7.65 0 0 0
r -2.8 -0.13 8.0 0 0 0
r -0.63 1.29 8.82 0 0 0
r 2.23 0.4 7.8 0 0 0
r -1.86 0.76 7.92 0 0 0
r 1.83 0.62 7.68 0 0 0
r -2.93 0.05 7.98 0 0 0
r 0.71 1.37 8.09 0 0 0
r -2.84 0.15 8.01 0 0 0
r -2.8 -0.09 8.07 0 0 0
r 0.58 1.32 8.44 0 0 0
r 2.06 0.9 7.99 0 0 0
r 1.5 -0.86 7.78 0 0 0
r 0.52 -2.32 8.0 0 0 0
r -1.05 -1.22 7.47 0 0 0
r -2.37 -0.26 7.88 0 0 0
r 1.08 0.38 7.16 0 0 0
r -1.48 -0.96 7.92 0 0 0
r 0.11 -1.6 7.49 0 0 0
r 1.74 -0.18 8.51 0 0 0
r -1.66 1.21 8.11 0 0 0
r 1.29 0.44 7.68 0 0 0
r -1.76 -1.22 7.99 0 0 0
r -2.9 -0.01 8.01 0 0 0
r 1.14 -0.98 8.55 0 0 0
r -2.88 0.06 7.96 0 0 0
r 2.73 0.03 8.04 0 0 0
r 0.28 0.02 6.03 0 0 0
r 2.3 -0.06 7.62 0 0 0
r 0.21 1.33 7.02 0 0 0
r 1.21 1.31 7.68 0 0 0
r 0.52 -1.93 8.41 0 0 0
r -1.53 -0.29 6.9399999999999995 0 0 0
r 2.84 0.03 7.98 0 0 0
