r 3.24 -1.25 7.84 0 0 0
r 4.07 0.1 7.4 0 0 0
r 3.06 1.42 7.6 0 0 0
r -3.01 0.28 8.27 0 0 0
r -3.35 1.23 8.04 0 0 0
r 1.09 -3.39 7.6 0 0 0
r -0.94 3.07 8.18 0 0 0
r 2.94 1.1 7.94 0 0 0
r -0.12 -3.31 6.89 0 0 0
r -1.35 -2.79 7.57 0 0 0
r 3.1 0.52 7.98 0 0 0
r 2.87 -1.4 7.81 0 0 0
r -2.47 -2.08 8.25 0 0 0
r 2.87 -0.83 7.22 0 0 0
r -0.27 -4.07 7.72 0 0 0
r -2.18 2.56 8.01 0 0 0
r 2.93 -0.31 7.37 0 0 0
r 3.19 -0.42 8.04 0 0 0
r -2.48 1.67 7.23 0 0 0
r 4.09 -0.17 7.81 0 0 0
r -1.63 2.64 7.89 0 0 0
r -1.28 3.5 8.0 0 0 0
r -3.65 0.46 7.26 0 0 0
r 1.73 2.95 8.14 0 0 0
r 3.22 0.49 8.38 0 0 0
r 3.85 -0.3 7.81 0 0 0
r -2.24 2.39 7.65 0 0 0
r -2.96 1.25 7.59 0 0 0
r -1.28 3.64 7.95 0 0 0
r 3.75 0.87 7.73 0 0 0
r -3.42 -0.98 7.95 0 0 0
r -1.53 -3.01 8.0 0 0 0
r -3.56 0.77 7.39 0 0 0
r -3.92 -0.96 7.93 0 0 0
r -2.82 2.04 8.03 0 0 0
r 3.71 -1.14 7.91 0 0 0
r 0.93 -3.62 7.59 0 0 0
r -3.69 -0.63 7.99 0 0 0
r 3.88 -0.93 7.93 0 0 0
r 3.32 -1.51 8.09 0 0 0
r -3.45 -0.97 7.86 0 0 0
r 4.01 -0.26 7.81 0 0 0
r 2.77 -1.49 7.69 0 0 0
r -2.03 2.78 7.98 0 0 0
r 1.6 -0.08 5.32 0 0 0
r 1.05 3.43 7.8 0 0 0
r -3.26 -1.71 8.03 0 0 0
r -3.14 -0.92 7.72 0 0 0
r -3.74 0.47 7.39 0 0 0
r -2.87 -1.74 8.19 0 0 0
r 2.55 2.06 7.75 0 0 0
r -3.12 -1.46 8.11 0 0 0
r 0.06 -3.35 7.35 0 0 0
r 3.2 -0.78 6.99 0 0 0
r 1.5 2.89 8.32 0 0 0
r -2.78 2.01 7.85 0 0 0
r -3.72 0.92 8.11 0 0 0
r -0.37 4.29 7.86 0 0 0
r 2.72 -0.27 6.72 0 0 0
r 1.22 -1.15 5.43 0 0 0
r -1.05 3.08 8.33 0 0 0
r -3.8 -0.6 7.78 0 0 0
r -3.37 -0.18 7.13 0 0 0
r -3.26 -0.8 7.89 0 0 0
r -2.44 -2.23 8.33 0 0 0
r -1.36 -2.92 8.34 0 0 0
r 3.14 0.2 6.52 0 0 0
r -4.28 0.36 7.84 0 0 0
r 3.19 0.26 7.68 0 0 0
r -3.3 1.12 7.89 0 0 0
r 0.35 -1.94 5.4 0 0 0
r 3.1 -0.39 6.67 0 0 0
r 3.49 0.23 8.15 0 0 0
r -2.85 0.94 7.3100000000000005 0 0 0
r 0.25 -3.36 7.96 0 0 0
r 2.68 -1.89 8.07 0 0 0
r -2.88 1.89 7.94 0 0 0
r -0.55 3.03 8.39 0 0 0
r -2.48 -1.3 6.83 0 0 0
r 3.37 -1.42 8.02 0 0 0
r -1.16 -0.67 4.859999999999999 0 0 0
r -3.25 -0.92 7.3 0 0 0
r -4.14 0.52 7.91 0 0 0
r 3.05 -1.81 8.08 0 0 0
r -2.97 0.46 7.3 0 0 0
r 2.99 -1.13 7.95 0 0 0
r -2.37 -1.85 8.07 0 0 0
r -1.97 -2.84 8.05 0 0 0
r -2.63 1.4 7.28 0 0 0
r 4.36 0.11 7.74 0 0 0
r 0.7 -2.6 6.47 0 0 0
r -1.62 -2.71 7.62 0 0 0
r -0.39 1.17 4.82 0 0 0
r 0.86 3.32 8.26 0 0 0
r 3.4 1.32 8.06 0 0 0
r 1.85 2.66 7.71 0 0 0
r -3.96 0.4 7.79 0 0 0
r -3.06 -0.81 7.51 0 0 0
r -2.04 2.35 7.95 0 0 0
r -1.91 -2.93 8.0 0 0 0
