r 5.52 0.47 7.0 0 0 0
r -0.46 -4.64 6.17 0 0 0
r 4.98 -0.79 6.89 0 0 0
r 1.36 0.46 3.16 0 0 0
r 4.81 -1.3 7.2 0 0 0
r -0.06 -5.35 6.86 0 0 0
r 1.38 -4.78 7.27 0 0 0
r 4.85 1.38 7.4 0 0 0
r 5.01 -0.27 6.52 0 0 0
r -5.19 -0.43 7.01 0 0 0
r -0.38 4.84 6.57 0 0 0
r 5.12 -1.05 7.2 0 0 0
r -5.39 0.52 7.14 0 0 0
r -0.2 -1.6 3.0300000000000002 0 0 0
r 0.11 -1.3 2.55 0 0 0
r -5.06 0.15 7.39 0 0 0
r 5.39 0.0 6.65 0 0 0
r -4.95 -1.18 7.23 0 0 0
r 4.72 0.53 6.3100000000000005 0 0 0
r 0.32 5.23 7.11 0 0 0
r -5.56 -0.03 6.72 0 0 0
r -5.49 0.1 6.66 0 0 0
r -0.7 5.04 6.95 0 0 0
r 4.98 0.84 6.98 0 0 0
r 5.02 0.26 7.4399999999999995 0 0 0
r -4.79 1.28 7.3 0 0 0
r -4.94 -0.84 7.1 0 0 0
r 4.71 0.09 6.3100000000000005 0 0 0
r -4.69 0.39 6.18 0 0 0
r 5.16 -0.89 7.1899999999999995 0 0 0
r -5.49 -0.14 6.85 0 0 0
r -4.92 0.86 6.8 0 0 0
r -0.84 -0.65 2.84 0 0 0
r -0.89 -4.98 7.07 0 0 0
r 5.25 -0.57 7.01 0 0 0
r 0.05 -4.99 7.0600000000000005 0 0 0
r 5.04 0.98 7.08 0 0 0
r 0.34 5.04 6.52 0 0 0
r -0.06 5.19 6.27 0 0 0
r 5.38 -0.66 7.14 0 0 0
r -0.42 -5.3 6.79 0 0 0
r -5.52 0.07 6.91 0 0 0
r -1.21 0.64 2.92 0 0 0
r -4.97 0.03 6.8 0 0 0
r -0.33 5.5 6.93 0 0 0
r -5.17 0.55 6.78 0 0 0
r -4.95 0.79 7.27 0 0 0
r -5.25 -0.59 6.87 0 0 0
r -5.36 -0.39 6.97 0 0 0
r 5.13 -0.21 6.95 0 0 0
r 5.22 0.34 7.09 0 0 0
r 1.68 4.67 7.36 0 0 0
r -5.54 -0.33 6.9 0 0 0
r 4.82 -0.04 6.6 0 0 0
r 4.88 0.45 6.84 0 0 0
r 5.35 -0.34 7.05 0 0 0
r -1.18 0.85 3.1399999999999997 0 0 0
r 0.44 -0.31 2.1799999999999997 0 0 0
r 5.36 -0.17 7.22 0 0 0
r 5.37 0.14 6.91 0 0 0
r -5.2 0.64 7.03 0 0 0
r 5.4 -0.28 7.08 0 0 0
r 5.47 0.02 7.07 0 0 0
r -5.13 -0.37 7.11 0 0 0
r 4.99 0.4 7.2 0 0 0
r -0.37 4.8 6.46 0 0 0
r -5.31 -0.61 7.15 0 0 0
r -0.59 1.36 3.04 0 0 0
r 5.05 0.93 7.01 0 0 0
r -0.01 5.11 6.82 0 0 0
r -5.36 0.67 7.11 0 0 0
r 5.14 0.35 6.9399999999999995 0 0 0
r 0.36 5.16 6.66 0 0 0
r 0.49 5.24 7.17 0 0 0
r -5.47 0.2 6.85 0 0 0
r 5.68 0.12 6.92 0 0 0
r 0.11 0.18 2.4000000000000004 0 0 0
r -0.52 4.89 6.84 0 0 0
r 5.03 -0.44 6.9399999999999995 0 0 0
r 0.67 5.2 7.04 0 0 0
r 4.86 -0.69 6.74 0 0 0
r -0.72 0.09 2.13 0 0 0
r 5.32 0.19 6.6 0 0 0
r 5.13 -0.31 7.17 0 0 0
r 4.94 1.22 7.35 0 0 0
r -5.02 -0.33 6.4 0 0 0
r -0.66 -0.44 2.91 0 0 0
r -1.51 -0.36 2.9400000000000004 0 0 0
r -4.94 -0.38 6.54 0 0 0
r -5.08 0.2 7.32 0 0 0
r -5.14 -0.43 6.96 0 0 0
r 5.08 0.41 7.32 0 0 0
r -0.31 5.01 6.91 0 0 0
r 0.2 1.36 2.7800000000000002 0 0 0
r 5.08 0.9 7.26 0 0 0
r 5.09 0.19 6.3 0 0 0
r 5.09 0.38 6.79 0 0 0
r -5.02 0.66 7.1899999999999995 0 0 0
r -5.02 -0.68 6.96 0 0 0
r 0.69 -0.48 2.8499999999999996 0 0 0
