r -0.09 0.04 0.6299999999999999 0 0 0
r 0.26 -0.4 -0.22000000000000064 0 0 0
r 0.04 1.75 1.1500000000000004 0 0 0
r 0.49 -0.93 0.9800000000000004 0 0 0
r 0.9 -1.01 1.13 0 0 0
r 1.0 0.23 0.9500000000000002 0 0 0
r -0.34 0.68 0.8399999999999999 0 0 0
r 1.22 -0.03 0.4900000000000002 0 0 0
r -0.14 -0.74 0.5300000000000002 0 0 0
r -0.12 0.93 0.4500000000000002 0 0 0
r 0.21 0.1 -0.16999999999999993 0 0 0
r 0.42 -0.22 1.0099999999999998 0 0 0
r 0.48 0.86 0.9800000000000004 0 0 0
r -0.51 0.38 -0.009999999999999787 0 0 0
r -0.61 -0.17 0.6200000000000001 0 0 0
r 0.05 6.66 5.84 0 0 0
r -0.89 -0.64 0.8300000000000001 0 0 0
r -0.38 0.44 0.6900000000000004 0 0 0
r 1.29 -0.33 0.8799999999999999 0 0 0
r 0.45 0.36 0.019999999999999574 0 0 0
r 0.01 -0.5 0.45999999999999996 0 0 0
r 0.49 0.5 0.75 0 0 0
r 0.55 -0.09 -0.11999999999999922 0 0 0
r -0.56 -0.86 1.0599999999999996 0 0 0
r -0.08 -6.78 5.88 0 0 0
r 0.59 -0.93 0.9500000000000002 0 0 0
r -0.42 -0.09 0.7699999999999996 0 0 0
r -2.17 0.0 1.2599999999999998 0 0 0
r -0.19 -1.12 0.3899999999999997 0 0 0
r -0.51 1.44 1.1100000000000003 0 0 0
r -2.08 0.04 1.2400000000000002 0 0 0
r 0.75 -1.07 0.9199999999999999 0 0 0
r 1.06 -0.45 1.0899999999999999 0 0 0
r 0.25 0.26 0.25 0 0 0
r 0.92 -0.22 0.5800000000000001 0 0 0
r -1.29 0.49 0.9900000000000002 0 0 0
r -0.44 -0.4 0.08000000000000007 0 0 0
r -1.69 -0.12 1.13 0 0 0
r 0.12 -0.99 0.23000000000000043 0 0 0
r 1.82 -0.09 0.9900000000000002 0 0 0
r 0.84 0.69 0.8200000000000003 0 0 0
r 0.0 0.53 -0.08999999999999986 0 0 0
r 0.13 0.51 0.0 0 0 0
r -0.58 0.85 1.04 0 0 0
r 0.23 -0.75 0.5 0 0 0
r -0.16 -0.87 0.1299999999999999 0 0 0
r -0.88 0.03 0.3200000000000003 0 0 0
r 0.03 0.18 -0.6799999999999997 0 0 0
r -0.39 1.7 1.1799999999999997 0 0 0
r 0.32 0.12 0.1299999999999999 0 0 0
r -0.72 -0.34 0.75 0 0 0
r 1.16 -0.59 1.0499999999999998 0 0 0
r -0.65 -0.17 0.9199999999999999 0 0 0
r 0.06 1.38 0.8499999999999996 0 0 0
r -0.71 -0.34 0.9800000000000004 0 0 0
r 0.96 -0.77 0.9199999999999999 0 0 0
r -1.56 -0.12 0.9000000000000004 0 0 0
r -0.57 -0.69 0.8899999999999997 0 0 0
r -0.41 -1.03 0.5800000000000001 0 0 0
r 0.78 0.47 1.04 0 0 0
r 0.09 -0.61 0.009999999999999787 0 0 0
r -1.32 -0.6 0.9900000000000002 0 0 0
r -0.19 -1.03 0.34999999999999964 0 0 0
r 0.91 0.17 1.04 0 0 0
r -0.74 0.22 0.9400000000000004 0 0 0
r -0.15 0.27 -0.019999999999999574 0 0 0
r 1.35 -0.52 1.08 0 0 0
r -0.96 -0.21 0.41999999999999993 0 0 0
r 0.04 1.02 0.4500000000000002 0 0 0
r 0.03 -0.8 0.13999999999999968 0 0 0
r 0.88 0.44 0.5199999999999996 0 0 0
r 0.94 -0.47 0.8700000000000001 0 0 0
r -1.02 -0.36 0.8700000000000001 0 0 0
r -0.97 0.94 1.13 0 0 0
r -0.24 0.93 0.5700000000000003 0 0 0
r 0.24 0.6 0.71 0 0 0
r -1.02 -0.4 0.5700000000000003 0 0 0
r -0.07 1.65 0.8099999999999996 0 0 0
r -0.85 0.03 0.6100000000000003 0 0 0
r -0.16 0.2 -0.08999999999999986 0 0 0
r 0.2 -0.16 0.3600000000000003 0 0 0
r 0.37 0.23 0.8099999999999996 0 0 0
r 2.15 -0.09 1.3200000000000003 0 0 0
r 0.4 -0.06 0.8499999999999996 0 0 0
r -1.17 -0.44 1.0 0 0 0
r -0.84 0.19 0.8899999999999997 0 0 0
r -0.02 -1.31 1.0899999999999999 0 0 0
r 0.94 0.13 0.16999999999999993 0 0 0
r 0.88 -0.02 0.6799999999999997 0 0 0
r 0.55 -0.66 0.5700000000000003 0 0 0
r -0.71 -0.96 0.7599999999999998 0 0 0
r 0.97 0.34 0.8899999999999997 0 0 0
r 0.03 -6.65 5.720000000000001 0 0 0
r 0.76 -0.03 0.8200000000000003 0 0 0
r -0.55 -0.06 0.5199999999999996 0 0 0
r -1.21 0.18 0.8399999999999999 0 0 0
r 0.07 1.03 0.3600000000000003 0 0 0
r -0.1 -0.55 0.45999999999999996 0 0 0
r 1.55 0.04 0.8600000000000003 0 0 0
r -0.09 -0.34 0.1900000000000004 0 0 0
