r -5.79 -0.19 6.09 0 0 0
r -0.04 -6.16 6.41 0 0 0
r -0.31 0.6 1.5599999999999996 0 0 0
r 6.23 0.04 6.3 0 0 0
r -0.04 5.91 6.16 0 0 0
r -1.16 -0.22 2.0700000000000003 0 0 0
r 1.12 0.51 2.08 0 0 0
r -5.86 0.14 6.65 0 0 0
r -0.46 -1.2 2.0 0 0 0
r 5.81 0.0 5.87 0 0 0
r 0.06 6.09 6.55 0 0 0
r 5.82 -0.14 6.3100000000000005 0 0 0
r 5.89 -0.77 6.68 0 0 0
r -0.3 5.94 6.65 0 0 0
r 0.18 0.67 1.6100000000000003 0 0 0
r 0.11 5.91 6.34 0 0 0
r -6.14 0.12 6.38 0 0 0
r -5.93 0.06 6.3 0 0 0
r -5.76 -0.34 6.1899999999999995 0 0 0
r -1.05 0.05 1.7400000000000002 0 0 0
r 0.2 5.98 6.29 0 0 0
r 6.08 0.01 6.16 0 0 0
r -0.29 5.92 6.64 0 0 0
r 6.05 -0.17 6.5600000000000005 0 0 0
r 5.82 0.41 6.3 0 0 0
r 0.26 5.86 6.29 0 0 0
r 5.78 0.42 6.35 0 0 0
r -0.03 -6.1 6.15 0 0 0
r 0.27 5.8 6.3100000000000005 0 0 0
r -0.88 -0.19 2.0199999999999996 0 0 0
r 5.94 -0.39 6.6 0 0 0
r -0.18 0.08 1.8499999999999996 0 0 0
r 5.79 0.44 6.36 0 0 0
r -1.58 -0.12 1.8200000000000003 0 0 0
r 5.9 0.16 6.15 0 0 0
r 6.0 -0.3 6.61 0 0 0
r -0.36 -0.28 0.9000000000000004 0 0 0
r 5.82 0.16 6.23 0 0 0
r -0.34 -0.37 1.8899999999999997 0 0 0
r -0.56 0.0 0.8799999999999999 0 0 0
r 0.22 0.59 1.4299999999999997 0 0 0
r 6.06 -0.17 6.41 0 0 0
r 5.93 0.12 6.45 0 0 0
r 5.97 -0.01 6.48 0 0 0
r -0.65 -0.49 1.67 0 0 0
r -0.58 -5.87 6.63 0 0 0
r 0.57 0.48 1.4699999999999998 0 0 0
r 5.83 -0.74 6.65 0 0 0
r -1.06 -0.93 2.12 0 0 0
r -0.73 0.78 2.01 0 0 0
r 5.93 0.23 6.38 0 0 0
r 0.13 -0.6 0.8399999999999999 0 0 0
r 5.84 0.75 6.7 0 0 0
r -5.93 -0.28 6.47 0 0 0
r -0.37 6.0 6.46 0 0 0
r -0.21 5.99 6.7 0 0 0
r 5.84 -0.66 6.52 0 0 0
r -0.12 6.14 6.43 0 0 0
r -5.85 -0.72 6.78 0 0 0
r -0.56 -0.14 0.8200000000000003 0 0 0
r 0.13 -0.31 1.0499999999999998 0 0 0
r 6.02 -0.2 6.38 0 0 0
r -0.5 0.01 1.63 0 0 0
r -6.14 -0.13 6.29 0 0 0
r 5.67 0.0 5.99 0 0 0
r 5.78 -0.42 6.23 0 0 0
r -5.94 0.39 6.47 0 0 0
r -0.57 1.25 1.88 0 0 0
r -0.05 -6.2 6.49 0 0 0
r 5.94 0.67 6.7 0 0 0
r 5.85 0.35 6.36 0 0 0
r -6.12 -0.24 6.43 0 0 0
r -5.67 -0.2 5.96 0 0 0
r 0.13 0.52 1.9500000000000002 0 0 0
r 6.09 0.01 6.15 0 0 0
r 0.65 0.0 1.92 0 0 0
r -0.98 0.19 1.9400000000000004 0 0 0
r 5.89 -0.26 6.41 0 0 0
r -5.88 0.23 6.18 0 0 0
r -5.92 0.22 6.43 0 0 0
r -6.25 0.04 6.33 0 0 0
r -5.81 0.03 6.4 0 0 0
r 0.1 -1.93 2.1900000000000004 0 0 0
r -0.35 1.16 1.87 0 0 0
r 0.47 1.31 2.0 0 0 0
r -0.64 0.52 1.7199999999999998 0 0 0
r 5.79 0.1 5.9399999999999995 0 0 0
r -6.13 0.15 6.58 0 0 0
r 0.58 0.97 1.8099999999999996 0 0 0
r -0.56 0.05 1.1799999999999997 0 0 0
r -0.2 1.25 1.54 0 0 0
r -6.11 -0.09 6.33 0 0 0
r 5.73 0.03 6.2 0 0 0
r -0.21 1.74 2.0199999999999996 0 0 0
r -1.13 -0.83 2.0199999999999996 0 0 0
r 0.66 0.18 1.6900000000000004 0 0 0
r 6.06 -0.28 6.46 0 0 0
r -6.13 0.0 6.23 0 0 0
r 0.35 -0.87 2.04 0 0 0
r -0.27 -0.3 1.8399999999999999 0 0 0
