r -0.14 -0.55 8.04 0 0 0
r 0.94 0.05 7.99 0 0 0
r -0.75 -0.03 7.97 0 0 0
r -0.21 0.64 7.98 0 0 0
r 0.81 0.16 7.98 0 0 0
r 0.87 0.07 7.94 0 0 0
r -0.94 0.03 8.01 0 0 0
r -0.27 -0.33 7.89 0 0 0
r 0.96 -0.02 8.0 0 0 0
r 0.77 0.07 7.94 0 0 0
r 0.55 0.05 8.01 0 0 0
r -0.68 -0.28 7.99 0 0 0
r 0.02 0.08 7.85 0 0 0
r -0.68 0.12 8.02 0 0 0
r -0.7 -0.12 8.18 0 0 0
r 0.76 0.08 8.11 0 0 0
r 0.69 0.14 8.12 0 0 0
r 0.12 0.51 8.14 0 0 0
r 0.39 -0.36 8.13 0 0 0
r 0.81 -0.17 8.0 0 0 0
r -0.61 -0.2 7.94 0 0 0
r -0.12 0.65 7.97 0 0 0
r -0.12 -0.36 7.67 0 0 0
r -0.05 -0.36 8.29 0 0 0
r 0.63 -0.06 7.93 0 0 0
r 0.38 -0.06 8.51 0 0 0
r 0.8 0.07 7.95 0 0 0
r -0.37 0.33 8.03 0 0 0
r -0.75 0.01 8.2 0 0 0
r -0.31 0.41 7.84 0 0 0
r 0.82 0.15 7.98 0 0 0
r 0.77 -0.18 8.02 0 0 0
r 0.7 -0.18 8.06 0 0 0
r -0.77 -0.2 8.03 0 0 0
r -0.93 0.05 8.02 0 0 0
r -0.57 0.2 8.18 0 0 0
r 0.05 0.85 8.09 0 0 0
r 0.66 0.19 8.07 0 0 0
r 0.88 -0.06 7.94 0 0 0
r 0.89 -0.05 8.03 0 0 0
r -0.43 0.39 7.83 0 0 0
r 0.02 -0.91 7.96 0 0 0
r 0.24 -0.55 8.01 0 0 0
r -0.6 0.38 7.99 0 0 0
r -0.66 0.12 7.92 0 0 0
r 0.84 0.05 8.05 0 0 0
r 0.85 0.08 8.07 0 0 0
r -0.23 -0.73 8.01 0 0 0
r 0.27 -0.66 8.07 0 0 0
r -0.84 -0.08 7.94 0 0 0
r -0.88 0.08 8.03 0 0 0
r 0.5 -0.33 7.96 0 0 0
r -0.03 0.96 8.01 0 0 0
r 0.33 0.52 7.96 0 0 0
r -0.8 -0.09 8.04 0 0 0
r 0.49 0.03 7.89 0 0 0
r 0.64 -0.22 8.08 0 0 0
r -0.53 0.1 8.05 0 0 0
r 0.41 -0.02 8.48 0 0 0
r -0.73 0.15 8.07 0 0 0
r 0.62 -0.35 8.03 0 0 0
r 0.26 -0.62 8.06 0 0 0
r -0.87 0.02 8.0 0 0 0
r 0.57 0.21 7.83 0 0 0
r 0.72 -0.01 8.04 0 0 0
r 0.94 0.03 8.03 0 0 0
r 0.92 0.06 7.98 0 0 0
r 0.64 -0.23 7.88 0 0 0
r -0.53 -0.21 7.95 0 0 0
r 0.81 0.0 7.9 0 0 0
r 0.02 0.46 7.58 0 0 0
r -0.12 -0.26 7.93 0 0 0
r -0.31 -0.54 8.0 0 0 0
r 0.95 -0.01 7.98 0 0 0
r 0.58 0.08 8.12 0 0 0
r -0.4 0.41 8.18 0 0 0
r -0.82 0.17 8.0 0 0 0
r 0.18 -0.79 8.03 0 0 0
r -0.09 -0.18 8.53 0 0 0
r -0.62 0.17 8.14 0 0 0
r 0.54 -0.3 8.07 0 0 0
r 0.75 -0.18 7.96 0 0 0
r 0.93 -0.05 8.02 0 0 0
r -0.71 0.0 7.71 0 0 0
r -0.47 -0.01 8.28 0 0 0
r -0.99 -0.01 8.0 0 0 0
r 0.44 -0.13 8.23 0 0 0
r -0.87 0.08 7.98 0 0 0
r -0.8 0.2 8.0 0 0 0
r -0.7 -0.05 8.09 0 0 0
r 0.56 0.38 8.02 0 0 0
r -0.66 -0.27 7.97 0 0 0
r -0.08 -0.28 8.03 0 0 0
r 0.0 -0.14 8.78 0 0 0
r 0.8 -0.15 7.97 0 0 0
r -0.08 -0.45 7.76 0 0 0
r 0.08 -0.01 7.88 0 0 0
r -0.61 0.08 7.96 0 0 0
r 0.96 0.01 7.99 0 0 0
r -0.24 0.17 7.78 0 0 0
