r 4.45 0.0 7.43 0 0 0
r 3.89 -1.56 7.88 0 0 0
r 4.03 1.75 7.85 0 0 0
r 2.74 -3.14 7.93 0 0 0
r 3.99 0.98 7.51 0 0 0
r 3.92 0.92 7.22 0 0 0
r -3.98 0.78 7.94 0 0 0
r 3.96 -1.07 7.45 0 0 0
r -3.47 2.28 7.83 0 0 0
r 0.64 -0.59 3.4800000000000004 0 0 0
r -2.16 -3.39 7.68 0 0 0
r 4.24 0.14 6.64 0 0 0
r 2.2 -3.5 7.98 0 0 0
r -3.71 -2.03 7.77 0 0 0
r -2.22 3.37 7.81 0 0 0
r -4.21 1.06 7.64 0 0 0
r 3.68 1.85 7.67 0 0 0
r 2.23 -3.37 7.68 0 0 0
r -4.14 0.25 7.08 0 0 0
r -4.67 -0.76 7.6 0 0 0
r 3.54 1.79 7.39 0 0 0
r 3.93 -0.1 7.02 0 0 0
r 4.44 0.73 7.28 0 0 0
r 4.05 -0.63 7.28 0 0 0
r 4.3 1.45 7.75 0 0 0
r -4.33 0.42 6.99 0 0 0
r -5.13 0.21 7.37 0 0 0
r 4.09 0.49 7.75 0 0 0
r -4.62 0.07 6.82 0 0 0
r -0.38 4.15 7.17 0 0 0
r 3.8 -1.36 7.96 0 0 0
r -3.91 0.5 6.53 0 0 0
r 3.81 0.08 5.91 0 0 0
r -4.48 0.98 7.7 0 0 0
r 4.06 -0.59 7.46 0 0 0
r 4.04 1.06 7.67 0 0 0
r 0.28 -5.03 7.41 0 0 0
r -3.95 0.54 7.42 0 0 0
r -0.43 3.69 6.3100000000000005 0 0 0
r -4.82 -0.11 7.26 0 0 0
r 4.54 -1.04 7.65 0 0 0
r -4.64 -0.32 7.61 0 0 0
r 4.24 -0.92 7.35 0 0 0
r -4.07 -0.67 7.65 0 0 0
r -2.17 3.61 7.93 0 0 0
r 3.87 -1.27 7.97 0 0 0
r -4.18 1.02 7.54 0 0 0
r -3.82 1.6 7.69 0 0 0
r -4.4 0.96 7.53 0 0 0
r 3.9 -0.55 6.52 0 0 0
r -0.39 3.68 6.26 0 0 0
r 2.51 -3.36 7.87 0 0 0
r 1.81 -3.8 7.83 0 0 0
r 4.16 0.75 7.23 0 0 0
r -5.12 -0.02 7.25 0 0 0
r 3.95 -1.23 7.96 0 0 0
r -0.36 -1.16 3.59 0 0 0
r -0.97 -3.93 7.08 0 0 0
r -0.41 -0.09 3.8 0 0 0
r -0.11 2.25 4.4399999999999995 0 0 0
r -1.9 -3.62 7.7 0 0 0
r -2.95 2.77 7.96 0 0 0
r 3.44 2.1 7.93 0 0 0
r 4.25 -0.81 7.23 0 0 0
r -4.04 -1.0 7.93 0 0 0
r 4.45 0.7 7.67 0 0 0
r -2.48 -3.22 7.99 0 0 0
r -4.37 -0.5 7.51 0 0 0
r -0.71 -4.18 6.93 0 0 0
r 1.87 -3.74 7.74 0 0 0
r -0.75 4.16 7.03 0 0 0
r -4.27 -0.29 7.28 0 0 0
r -3.4 2.23 7.7 0 0 0
r 4.25 1.25 7.74 0 0 0
r 3.82 -1.3 7.62 0 0 0
r 4.4 -0.84 7.55 0 0 0
r -4.4 0.15 7.18 0 0 0
r -3.53 -2.08 7.79 0 0 0
r 3.24 2.49 7.93 0 0 0
r 4.16 1.09 7.56 0 0 0
r -4.36 -0.48 7.23 0 0 0
r 3.91 -0.27 6.82 0 0 0
r 4.99 -0.16 7.38 0 0 0
r 0.28 4.43 6.86 0 0 0
r -3.81 -0.15 6.46 0 0 0
r -4.12 -1.22 7.54 0 0 0
r 2.17 3.62 7.84 0 0 0
r -2.41 3.44 7.95 0 0 0
r -3.86 -1.07 7.16 0 0 0
r 2.24 -3.35 7.6 0 0 0
r 0.65 -4.51 7.4399999999999995 0 0 0
r 4.05 -0.02 6.59 0 0 0
r -4.25 1.25 7.6 0 0 0
r 4.42 0.55 7.53 0 0 0
r -0.69 4.72 7.57 0 0 0
r 0.35 1.36 3.75 0 0 0
r 3.94 -1.58 7.86 0 0 0
r 2.49 3.4 7.9 0 0 0
r 4.59 -0.44 7.14 0 0 0
r -3.96 -1.18 7.74 0 0 0
