r -0.26 0.08 -0.5600000000000005 0 0 0
r -0.14 1.48 -0.17999999999999972 0 0 0
r 0.12 -0.92 -0.33999999999999986 0 0 0
r -0.17 -1.62 -0.09999999999999964 0 0 0
r 0.31 1.24 -0.07000000000000028 0 0 0
r -0.73 0.02 -0.1899999999999995 0 0 0
r -1.4 -0.07 -0.41999999999999993 0 0 0
r -0.86 -0.52 -0.3699999999999992 0 0 0
r -0.78 -0.91 -0.11999999999999922 0 0 0
r -0.77 -0.76 -0.3699999999999992 0 0 0
r 0.21 0.48 -0.0600000000000005 0 0 0
r 0.21 0.27 -1.1799999999999997 0 0 0
r 0.41 0.81 -0.0600000000000005 0 0 0
r -0.5 0.27 -0.6400000000000006 0 0 0
r 0.06 -1.6 0.040000000000000036 0 0 0
r 0.2 -1.53 0.13999999999999968 0 0 0
r -1.54 -0.16 0.08999999999999986 0 0 0
r -1.85 0.12 0.13999999999999968 0 0 0
r 0.16 0.49 -1.1799999999999997 0 0 0
r -0.79 -0.48 -0.5299999999999994 0 0 0
r 1.0 -0.32 -0.08000000000000007 0 0 0
r 0.25 1.08 -0.5199999999999996 0 0 0
r 1.33 -0.45 0.019999999999999574 0 0 0
r -0.26 0.37 -0.8699999999999992 0 0 0
r -1.32 0.11 -0.0600000000000005 0 0 0
r -0.77 0.34 -0.7200000000000006 0 0 0
r 0.95 0.15 -0.8000000000000007 0 0 0
r 1.14 -0.04 -0.6799999999999997 0 0 0
r 0.49 0.37 -0.7699999999999996 0 0 0
r 0.15 -0.71 -0.3800000000000008 0 0 0
r 1.32 0.23 -0.3000000000000007 0 0 0
r 0.07 0.33 -0.02999999999999936 0 0 0
r -0.25 0.29 -1.0899999999999999 0 0 0
r 0.09 0.74 -0.6999999999999993 0 0 0
r -0.79 -0.78 -0.16999999999999993 0 0 0
r 0.11 -0.22 -0.6099999999999994 0 0 0
r -1.44 -0.16 -0.03999999999999915 0 0 0
r -0.4 -0.51 -0.8800000000000008 0 0 0
r 0.63 -0.27 -0.39000000000000057 0 0 0
r -0.51 -0.13 -1.0199999999999996 0 0 0
r -0.9 -0.37 -0.09999999999999964 0 0 0
r 0.88 -0.15 -0.5600000000000005 0 0 0
r 1.11 0.12 0.03000000000000025 0 0 0
r -0.04 -0.07 -1.4700000000000006 0 0 0
r -1.18 -0.27 -0.019999999999999574 0 0 0
r 0.06 0.78 -0.08000000000000007 0 0 0
r 0.27 0.47 -1.1600000000000001 0 0 0
r 0.46 0.84 0.009999999999999787 0 0 0
r -1.42 -0.36 -0.07000000000000028 0 0 0
r -0.5 0.3 -0.8000000000000007 0 0 0
r -1.04 -0.04 -0.7799999999999994 0 0 0
r 0.17 -0.56 -1.1199999999999992 0 0 0
r 0.37 0.46 -0.13000000000000078 0 0 0
r -0.44 1.03 0.040000000000000036 0 0 0
r 1.01 0.22 -0.4800000000000004 0 0 0
r -0.25 -0.17 -0.5399999999999991 0 0 0
r -0.46 -0.47 -0.9299999999999997 0 0 0
r -0.17 1.68 0.019999999999999574 0 0 0
r 0.71 -0.09 -0.1999999999999993 0 0 0
r 0.31 -0.79 -0.3000000000000007 0 0 0
r 0.97 -0.2 -0.7300000000000004 0 0 0
r 1.8 -0.01 0.13999999999999968 0 0 0
r 0.01 -0.05 -0.4299999999999997 0 0 0
r 0.41 -0.49 -0.9900000000000002 0 0 0
r -0.59 -0.88 -0.1899999999999995 0 0 0
r 0.78 -0.03 -0.9499999999999993 0 0 0
r -0.47 -1.19 0.08999999999999986 0 0 0
r -0.17 -0.75 -0.6400000000000006 0 0 0
r 1.31 0.1 -0.3000000000000007 0 0 0
r -1.17 0.1 -0.5099999999999998 0 0 0
r 2.06 -0.11 0.2699999999999996 0 0 0
r -0.23 0.18 -0.05000000000000071 0 0 0
r 0.19 -1.55 -0.10999999999999943 0 0 0
r -0.64 -0.43 -0.7799999999999994 0 0 0
r 0.66 -1.22 0.09999999999999964 0 0 0
r -0.71 0.54 0.009999999999999787 0 0 0
r 0.35 -1.23 -0.08000000000000007 0 0 0
r 0.02 0.6 -1.0 0 0 0
r 0.35 -0.87 -0.6400000000000006 0 0 0
r -0.47 0.17 -0.9100000000000001 0 0 0
r 0.06 1.69 0.05999999999999961 0 0 0
r 0.0 1.46 -0.1999999999999993 0 0 0
r -0.19 0.47 -0.019999999999999574 0 0 0
r -0.16 -1.64 0.13999999999999968 0 0 0
r 0.98 -0.43 -0.4399999999999995 0 0 0
r -0.82 -1.08 0.019999999999999574 0 0 0
r 1.02 0.48 -0.23000000000000043 0 0 0
r 1.11 -0.16 -0.5800000000000001 0 0 0
r -0.08 1.4 0.09999999999999964 0 0 0
r 0.93 0.48 -0.2400000000000002 0 0 0
r 1.19 0.18 -0.4900000000000002 0 0 0
r -0.29 -0.45 -0.9900000000000002 0 0 0
r -0.91 0.74 -0.21000000000000085 0 0 0
r 1.1 0.71 -0.08000000000000007 0 0 0
r 0.46 -0.98 -0.09999999999999964 0 0 0
r -0.57 0.48 -0.019999999999999574 0 0 0
r 0.86 -0.06 0.019999999999999574 0 0 0
r -1.42 -0.14 -0.17999999999999972 0 0 0
r 0.99 -0.23 -0.5 0 0 0
r 0.18 -0.19 -0.33999999999999986 0 0 0
