r 1.04 -2.34 8.47 0 0 0
r 3.37 -0.51 7.92 0 0 0
r -1.14 2.51 8.27 0 0 0
r -0.23 -1.65 5.99 0 0 0
r -3.06 0.66 7.97 0 0 0
r 2.86 0.86 7.72 0 0 0
r 3.16 0.61 7.92 0 0 0
r 0.61 2.89 8.05 0 0 0
r -3.96 0.01 7.99 0 0 0
r 2.88 0.9 8.17 0 0 0
r -1.32 2.48 7.93 0 0 0
r 2.0 1.47 8.11 0 0 0
r 1.2 -1.74 8.73 0 0 0
r -2.93 0.35 7.91 0 0 0
r -3.29 -0.61 7.98 0 0 0
r 0.38 -2.84 8.01 0 0 0
r -2.18 -1.02 8.17 0 0 0
r -2.22 -1.12 7.67 0 0 0
r 2.9 0.19 8.42 0 0 0
r 3.42 0.06 7.69 0 0 0
r -1.27 2.27 7.63 0 0 0
r 3.96 -0.04 8.0 0 0 0
r 3.22 -0.63 7.89 0 0 0
r -2.9 0.17 7.11 0 0 0
r 2.27 -1.61 8.07 0 0 0
r -3.44 -0.13 7.77 0 0 0
r 0.6 -1.74 6.4 0 0 0
r 1.06 0.2 5.93 0 0 0
r 1.81 0.03 7.13 0 0 0
r -1.22 -1.8 7.67 0 0 0
r 3.65 0.17 7.99 0 0 0
r 0.09 3.77 7.92 0 0 0
r -2.03 0.89 7.24 0 0 0
r 3.46 -0.51 7.98 0 0 0
r -0.28 3.66 7.99 0 0 0
r 3.71 -0.01 7.75 0 0 0
r -0.06 -3.42 7.88 0 0 0
r -2.0 -1.47 7.52 0 0 0
r 3.12 0.59 8.19 0 0 0
r -3.54 0.45 8.01 0 0 0
r -2.51 1.35 8.13 0 0 0
r 3.71 0.07 7.86 0 0 0
r -1.96 1.71 8.22 0 0 0
r 3.01 -0.98 8.0 0 0 0
r 0.37 3.26 7.76 0 0 0
r 0.35 1.9 7.03 0 0 0
r -0.91 1.73 7.14 0 0 0
r 0.61 -2.84 7.7 0 0 0
r 1.26 2.05 8.12 0 0 0
r 0.44 -2.22 7.89 0 0 0
r -1.89 1.77 8.06 0 0 0
r -3.8 -0.07 8.13 0 0 0
r -1.61 1.71 7.39 0 0 0
r 2.31 0.89 7.37 0 0 0
r 3.26 0.31 7.93 0 0 0
r 0.98 2.28 8.46 0 0 0
r -3.07 -0.66 7.79 0 0 0
r 0.01 -2.92 7.71 0 0 0
r -0.77 0.42 5.73 0 0 0
r -3.36 0.18 7.62 0 0 0
r 1.92 0.41 6.96 0 0 0
r -3.26 0.36 8.21 0 0 0
r 3.63 -0.34 8.02 0 0 0
r 3.79 0.04 7.83 0 0 0
r -3.68 -0.31 7.99 0 0 0
r -1.25 -2.24 7.81 0 0 0
r 3.63 0.04 8.21 0 0 0
r -2.47 -0.51 8.46 0 0 0
r 3.13 -0.59 8.1 0 0 0
r -1.42 0.82 6.35 0 0 0
r 2.23 -0.81 8.23 0 0 0
r 3.4 0.52 7.97 0 0 0
r 1.23 -2.68 7.98 0 0 0
r -3.13 0.4 7.88 0 0 0
r 2.22 -0.21 7.9 0 0 0
r -2.0 1.15 8.23 0 0 0
r 2.67 0.61 7.36 0 0 0
r 0.09 -2.0 7.84 0 0 0
r -3.72 -0.2 8.02 0 0 0
r -0.1 -1.63 6.74 0 0 0
r -0.33 3.0 7.38 0 0 0
r -3.06 -0.89 7.98 0 0 0
r -3.47 0.09 8.12 0 0 0
r -2.4 0.7 7.78 0 0 0
r -3.03 -0.29 7.79 0 0 0
r 2.81 0.16 7.7 0 0 0
r 0.31 0.17 4.91 0 0 0
r -3.83 -0.1 8.06 0 0 0
r -2.42 1.02 8.14 0 0 0
r 1.59 -0.95 6.57 0 0 0
r -3.75 -0.19 7.95 0 0 0
r 2.33 -0.8 7.4399999999999995 0 0 0
r -3.35 -0.33 8.07 0 0 0
r 3.74 -0.04 8.03 0 0 0
r 2.08 1.6 8.08 0 0 0
r -0.43 2.57 8.56 0 0 0
r -2.81 1.03 7.99 0 0 0
r -0.13 -3.09 7.99 0 0 0
r -3.79 -0.07 8.1 0 0 0
r -3.91 0.05 7.98 0 0 0
