r -8.08 -0.52 0.22 90 0 0
r 2.72 4.65 1.49 -90 0 0
r -0.69 -1.68 -4.56 90 0 0
r -4.86 0.39 2.28 -90 0 0
r 3.95 2.61 1.27 -90 0 0
r 2.85 4.22 -0.19 -90 0 0
r -6.8 -0.28 -1.9 90 0 0
r 6.22 2.12 -0.04 -90 0 0
r -7.62 0.31 0.03 -90 0 0
r 4.9 -1.91 1.31 90 0 0
r -4.47 2.49 -0.83 -90 0 0
r 7.11 -1.52 -0.06 90 0 0
r -8.01 0.16 0.1 -90 0 0
r -1.14 5.49 -0.06 -90 0 0
r 0.42 -5.98 -1.9 90 0 0
r 8.33 -0.62 -0.05 90 0 0
r 1.01 5.47 0.36 -90 0 0
r 8.0 0.55 0.05 -90 0 0
r 2.86 2.95 2.91 -90 0 0
r -3.6 1.08 1.19 -90 0 0
r -7.2 1.75 -0.05 -90 0 0
r 2.33 -3.51 3.13 90 0 0
r 5.2 -2.35 0.04 90 0 0
r 1.37 -7.06 0.07 90 0 0
r 8.29 0.32 0.33 -90 0 0
r -3.14 -1.02 3.14 90 0 0
r 5.44 -0.42 -1.64 90 0 0
r -7.4 0.58 -0.68 -90 0 0
r 1.26 3.95 0.38 -90 0 0
r 8.16 -0.54 -0.29 90 0 0
r 1.39 -5.79 -0.21 90 0 0
r 0.73 6.01 1.32 -90 0 0
r 1.51 6.62 -0.03 -90 0 0
r -0.01 -1.71 -6.06 90 0 0
r 8.81 -0.16 -0.03 90 0 0
r 2.63 5.95 -0.22 -90 0 0
r 3.99 3.94 -0.49 -90 0 0
r -6.48 -1.73 0.27 90 0 0
r -3.19 -2.87 1.91 90 0 0
r 7.24 -1.58 0.1 90 0 0
r -2.57 -1.37 1.61 90 0 0
r -7.91 0.55 -0.15 -90 0 0
r 6.88 -0.94 -0.96 90 0 0
r 4.94 1.87 -0.74 -90 0 0
r 6.03 -0.42 1.33 90 0 0
r -2.53 6.14 -0.23 -90 0 0
r -3.96 -4.79 0.02 90 0 0
r -1.87 5.97 0.07 -90 0 0
r -2.85 0.41 -0.71 -90 0 0
r 4.08 0.37 0.36 -90 0 0
r -7.51 -0.86 0.39 90 0 0
r 7.54 1.36 -0.07 -90 0 0
r 5.47 -1.99 -1.01 90 0 0
r -1.83 -4.1 0.73 90 0 0
r -5.33 -0.7 1.5 90 0 0
r 1.11 2.33 1.6 -90 0 0
r 0.95 -0.66 4.32 90 0 0
r 2.22 6.03 0.29 -90 0 0
r -4.78 1.64 -1.29 -90 0 0
r 2.68 3.62 1.7 -90 0 0
r 1.47 3.38 -2.62 -90 0 0
r -8.04 0.52 -0.35 -90 0 0
r 5.03 -0.79 -1.01 90 0 0
r 0.21 -2.21 -6.06 90 0 0
r -6.75 -1.17 -0.96 90 0 0
r -7.0 0.25 -0.72 -90 0 0
r -5.31 -3.52 0.11 90 0 0
r -2.08 -4.93 1.54 90 0 0
r 0.98 5.01 -0.14 -90 0 0
r 0.95 -3.3 -2.18 90 0 0
r -7.99 -0.1 -0.69 90 0 0
r -1.33 -1.85 -3.42 90 0 0
r 2.34 -0.12 6.45 90 0 0
r 1.93 -4.31 1.13 90 0 0
r 6.68 -0.16 -0.2 90 0 0
r 3.94 4.4 0.41 -90 0 0
r -6.36 -1.42 -0.23 90 0 0
r 3.69 4.76 -0.43 -90 0 0
r 5.58 -0.41 2.04 90 0 0
r -0.83 -0.69 -5.56 90 0 0
r 4.71 0.64 -2.43 -90 0 0
r -1.68 -0.09 -0.43 90 0 0
r 8.09 0.06 -0.02 -90 0 0
r -1.62 3.68 -0.51 -90 0 0
r 2.26 5.42 -0.38 -90 0 0
r -5.98 -2.77 -0.22 90 0 0
r 5.29 -3.49 0.07 90 0 0
r 1.47 6.0 0.55 -90 0 0
r -1.1 7.05 0.03 -90 0 0
r 3.97 0.8 -4.01 -90 0 0
r -1.79 1.65 5.5 -90 0 0
r 6.56 -0.43 -1.95 90 0 0
r -2.73 2.98 -0.52 -90 0 0
r 4.83 -1.73 -1.88 90 0 0
r 7.67 0.11 1.11 -90 0 0
r -3.1 -1.76 1.86 90 0 0
r 0.5 0.38 -1.16 -90 0 0
r -3.75 -3.58 -1.56 90 0 0
r 5.82 2.29 -0.58 -90 0 0
r -2.33 -3.52 0.42 90 0 0
r 7.18 -1.23 0.34 90 0 0
r -2.11 5.52 -1.16 -90 0 0
r -8.52 -0.12 -0.19 90 0 0
r -8.9 -0.02 0.04 90 0 0
r -8.47 0.23 0.11 -90 0 0
r 5.44 -2.62 -0.87 90 0 0
r 5.82 0.0 -0.61 0 0 0
r 7.09 -0.11 -1.52 90 0 0
r 1.63 1.95 -1.93 -90 0 0
r 2.15 -3.71 1.88 90 0 0
r -4.16 -2.03 1.16 90 0 0
r 0.17 0.8 4.37 -90 0 0
r 5.44 2.56 -0.76 -90 0 0
r -0.26 1.04 -3.39 -90 0 0
r 1.77 -0.05 3.48 90 0 0
r -8.54 -0.28 0.01 90 0 0
r -8.16 0.26 0.29 -90 0 0
r 5.22 -0.3 -2.62 90 0 0
r 4.56 3.22 0.4 -90 0 0
r 1.67 -6.13 0.11 90 0 0
r 7.88 -0.19 -0.52 90 0 0
r 7.94 0.03 0.31 -90 0 0
r -8.35 0.37 0.05 -90 0 0
r 5.45 3.29 -0.19 -90 0 0
r -7.85 0.17 -0.07 -90 0 0
r -7.49 0.08 -0.9 -90 0 0
r -3.06 5.38 0.44 -90 0 0
r 8.36 0.05 0.29 -90 0 0
r 7.89 0.56 0.4 -90 0 0
r 1.44 -3.63 -3.5 90 0 0
r -0.18 7.9 -0.09 -90 0 0
r -6.5 -2.04 -0.42 90 0 0
r -0.32 6.43 0.08 -90 0 0
r -8.23 0.76 0.01 -90 0 0
r 7.93 0.43 0.02 -90 0 0
r 8.74 0.21 0.02 -90 0 0
r -5.78 0.7 -1.11 -90 0 0
r 6.05 2.55 -0.33 -90 0 0
r -1.22 4.9 0.94 -90 0 0
r -4.09 -2.55 -0.72 90 0 0
r 7.9 -0.52 0.4 90 0 0
r 2.28 -2.52 3.64 90 0 0
r -4.39 1.31 -3.26 -90 0 0
r 4.43 2.9 1.27 -90 0 0
r -6.55 -1.39 0.75 90 0 0
r -7.51 0.66 -0.09 -90 0 0
r -4.05 2.27 -2.08 -90 0 0
r 0.74 4.79 1.51 -90 0 0
r -4.57 0.37 -2.68 -90 0 0
r 8.78 -0.07 -0.08 90 0 0
r 1.25 -3.06 -1.85 90 0 0
r 6.95 -0.52 -0.92 90 0 0
r 6.22 1.15 0.6 -90 0 0
r -7.12 -0.03 1.0 90 0 0
r -6.97 -0.07 1.59 90 0 0
r 8.16 0.22 -0.33 -90 0 0
r -2.13 3.6 -1.69 -90 0 0
r -5.43 3.07 0.27 -90 0 0
r 2.46 -2.06 3.79 90 0 0
r -5.75 -0.74 0.71 90 0 0
r 5.1 -0.5 -0.26 90 0 0
r -7.89 1.03 0.04 -90 0 0
r 5.53 1.75 -1.08 -90 0 0
r 3.53 0.33 -1.43 -90 0 0
r 6.55 1.06 0.84 -90 0 0
r -5.35 -1.97 1.46 90 0 0
r 5.03 3.38 0.49 -90 0 0
r -7.7 -0.48 -0.13 90 0 0
r 4.58 -1.5 1.27 90 0 0
r -7.83 -0.51 0.11 90 0 0
r 4.9 1.63 -1.11 -90 0 0
r -5.58 2.11 0.39 -90 0 0
r -2.41 3.35 -2.36 -90 0 0
r -2.17 3.19 -0.7 -90 0 0
r 6.8 1.27 0.81 -90 0 0
r 6.27 -2.43 -0.03 90 0 0
r -5.11 -1.17 2.24 90 0 0
r -5.63 2.43 -0.88 -90 0 0
r 4.97 1.97 1.3 -90 0 0
r -7.4 0.01 -0.39 -90 0 0
r 6.43 0.67 -0.85 -90 0 0
r -1.85 -0.22 -2.16 90 0 0
r -7.99 0.16 0.17 -90 0 0
r -6.51 1.15 -0.41 -90 0 0
r 2.54 3.89 0.49 -90 0 0
r -2.87 5.21 0.68 -90 0 0
r -5.02 3.13 0.68 -90 0 0
r -5.22 -0.83 2.67 90 0 0
r -5.11 0.76 2.39 -90 0 0
r 7.83 1.14 -0.02 -90 0 0
r -4.41 -3.65 -0.64 90 0 0
r -4.22 2.67 -1.17 -90 0 0
r -3.1 3.96 1.41 -90 0 0
r 0.15 -0.53 4.27 90 0 0
r -5.83 -1.78 1.38 90 0 0
r -7.56 1.07 0.35 -90 0 0
r 8.58 -0.09 -0.13 90 0 0
r 7.08 1.7 -0.03 -90 0 0
r 8.27 -0.37 0.16 90 0 0
r 4.03 -2.91 -1.94 90 0 0
r 6.24 0.2 -1.48 -90 0 0
r -5.1 -2.12 0.68 90 0 0
r -1.35 0.7 -6.34 -90 0 0
r -4.98 -0.42 -3.17 90 0 0
r 3.08 -2.79 -1.75 90 0 0
r 1.18 1.48 -2.21 -90 0 0
r 5.27 1.5 2.04 -90 0 0
r -2.38 -6.21 0.35 90 0 0
r 2.81 1.81 -3.95 -90 0 0
r 5.44 0.42 -3.01 -90 0 0
r -5.2 -0.54 3.21 90 0 0
r -4.35 -2.78 1.37 90 0 0
r 7.13 1.32 0.3 -90 0 0
r -2.23 4.02 -1.17 -90 0 0
r 2.44 0.91 2.27 -90 0 0
r -8.39 -0.25 -0.17 90 0 0
r 4.12 3.5 -0.91 -90 0 0
r -5.2 0.71 0.91 -90 0 0
r 1.7 -1.95 -3.09 90 0 0
r -7.37 -0.47 -0.89 90 0 0
r -0.49 -0.12 2.94 90 0 0
r -1.05 -7.15 0.04 90 0 0
r -8.25 0.48 0.0 -90 0 0
r 3.06 3.43 0.31 -90 0 0
r 6.26 -0.91 -1.56 90 0 0
r -0.92 0.88 -3.63 -90 0 0
r -5.61 -3.3 0.01 90 0 0
r -2.41 6.45 -0.11 -90 0 0
r 0.73 -1.72 1.73 90 0 0
r 1.23 -7.4 -0.3 90 0 0
r 7.02 -0.16 0.72 90 0 0
r -2.85 1.18 1.5 -90 0 0
r -1.96 -3.71 -0.41 90 0 0
r -0.7 3.18 -3.35 -90 0 0
r 6.26 -1.85 0.08 90 0 0
r 2.32 -3.82 1.59 90 0 0
r 7.7 -0.53 -0.62 90 0 0
r 5.25 2.09 -0.49 -90 0 0
r 3.8 -3.42 1.53 90 0 0
r 3.51 -5.21 0.28 90 0 0
r -7.16 0.77 -0.84 -90 0 0
r -5.22 -3.57 0.01 90 0 0
r -0.24 0.23 5.34 -90 0 0
r -6.16 -0.16 -0.49 90 0 0
r 1.04 5.04 -0.08 -90 0 0
r -5.23 0.68 -1.73 -90 0 0
r -4.48 2.47 -1.47 -90 0 0
r -1.5 -6.41 -0.21 90 0 0
r -5.62 -2.33 -0.42 90 0 0
r 4.06 -3.32 1.6 90 0 0
r 1.47 3.64 2.35 -90 0 0
r 1.68 -3.48 -2.29 90 0 0
r -6.37 -2.05 -0.33 90 0 0
r -1.08 2.54 -1.84 -90 0 0
r -4.19 0.2 4.2 -90 0 0
r -6.77 0.9 1.23 -90 0 0
r 6.22 -1.59 -1.07 90 0 0
r -3.74 2.14 2.96 -90 0 0
r -4.77 0.22 0.77 -90 0 0
r 2.81 3.14 2.04 -90 0 0
r -3.83 1.53 -0.49 -90 0 0
r 0.66 -4.24 -0.63 90 0 0
r -2.31 -6.37 -0.27 90 0 0
r -0.74 -0.52 -5.73 90 0 0
r -8.9 -0.1 0.0 90 0 0
r 7.2 -0.83 0.39 90 0 0
r -5.49 0.05 -1.16 -90 0 0
r 7.6 0.48 -0.67 -90 0 0
r -3.23 -3.22 -0.62 90 0 0
r 7.07 -1.07 -0.06 90 0 0
r -4.72 -1.21 0.91 90 0 0
r -7.42 0.23 1.23 -90 0 0
r 0.61 -2.97 3.88 90 0 0
r -5.49 -0.37 1.18 90 0 0
r -6.31 -2.53 -0.02 90 0 0
r 8.57 0.08 -0.12 -90 0 0
r -1.12 -5.28 -1.43 90 0 0
r -3.83 -2.9 -0.21 90 0 0
r -5.15 -2.23 -1.18 90 0 0
r -1.86 -4.92 0.96 90 0 0
r -1.33 6.02 1.15 -90 0 0
r 0.37 3.71 -1.55 -90 0 0
r -8.28 -0.07 -0.13 90 0 0
r -1.74 -0.07 -3.66 90 0 0
r 3.34 4.14 -0.24 -90 0 0
r 4.07 0.93 -3.05 -90 0 0
r 6.74 -0.92 0.28 90 0 0
r 0.46 -7.63 -0.8 90 0 0
r -4.42 -1.27 3.08 90 0 0
r -6.3 -1.98 0.26 90 0 0
r -3.02 -2.91 -1.0 90 0 0
r -5.72 2.76 -0.46 -90 0 0
r 8.91 0.07 -0.01 -90 0 0
r -5.4 -1.45 1.38 90 0 0
r -5.26 -1.81 0.87 90 0 0
r -1.39 -4.96 1.98 90 0 0
r 3.38 -1.24 1.47 90 0 0
r 7.15 -0.82 0.14 90 0 0
r -4.54 2.07 2.03 -90 0 0
r 4.14 0.58 -1.34 -90 0 0
r 3.04 -0.83 1.46 90 0 0
r 2.85 3.78 1.37 -90 0 0
r 3.03 -0.59 -2.87 90 0 0
r -0.43 -5.14 -1.85 90 0 0
r 8.58 -0.3 -0.08 90 0 0
r -6.33 -2.63 -0.04 90 0 0
r 8.47 0.46 -0.05 -90 0 0
r -4.24 4.45 0.15 -90 0 0
r 5.11 1.52 -0.49 -90 0 0
r -7.67 0.37 -0.6 -90 0 0
r 5.77 -1.06 -0.97 90 0 0
r 0.76 6.47 -0.54 -90 0 0
r 6.39 -2.32 0.0 90 0 0
r 5.86 -1.41 -0.45 90 0 0
r -7.33 1.63 0.01 -90 0 0
r -6.4 0.6 0.55 -90 0 0
r -3.33 -1.31 1.44 90 0 0
r 5.83 0.41 0.8 -90 0 0
r -3.56 3.88 0.87 -90 0 0
r 7.88 0.22 0.58 -90 0 0
r -1.84 -4.07 1.25 90 0 0
r 4.08 1.66 -1.45 -90 0 0
r -7.36 -0.73 0.84 90 0 0
r -4.21 0.23 -0.82 -90 0 0
r -8.19 0.6 0.04 -90 0 0
r -6.23 -1.25 -0.61 90 0 0
r -4.45 -3.19 0.83 90 0 0
r -3.1 -0.22 -1.34 90 0 0
r 4.31 1.63 2.54 -90 0 0
r 0.87 7.44 0.49 -90 0 0
r 8.12 0.77 -0.09 -90 0 0
r -3.36 -3.57 -1.92 90 0 0
r 2.46 -3.6 -0.35 90 0 0
r 4.54 3.42 -0.9 -90 0 0
r 0.91 4.29 -3.72 -90 0 0
r -3.77 -2.35 2.6 90 0 0
r 0.34 2.95 1.41 -90 0 0
r 0.74 5.27 0.03 -90 0 0
r 7.5 0.19 0.31 -90 0 0
r -0.6 7.72 -0.17 -90 0 0
r 4.47 0.25 3.6 -90 0 0
r 2.47 4.75 1.07 -90 0 0
r -3.41 4.22 0.6 -90 0 0
r 7.27 0.26 0.87 -90 0 0
r 4.9 -2.7 -0.04 90 0 0
r -0.06 8.78 0.09 -90 0 0
r -4.82 -0.63 -2.74 90 0 0
r 3.35 -4.1 -1.34 90 0 0
r -4.38 2.95 -0.91 -90 0 0
r -1.16 6.48 0.3 -90 0 0
r -7.97 0.94 -0.04 -90 0 0
r -8.02 -0.01 0.23 90 0 0
r 1.73 3.95 -1.75 -90 0 0
r 4.54 -2.32 1.44 90 0 0
r -1.01 5.31 -1.36 -90 0 0
r -5.64 -3.05 -0.29 90 0 0
r -0.9 -7.48 -0.53 90 0 0
r -0.61 2.75 -1.38 -90 0 0
r 0.75 -7.35 -0.04 90 0 0
r 0.61 -0.04 -4.15 90 0 0
r -1.02 -0.59 4.03 90 0 0
r 2.27 -5.26 -1.14 90 0 0
r 5.34 -1.91 -0.23 90 0 0
r -4.21 1.68 -2.47 -90 0 0
r -2.53 -6.07 -0.02 90 0 0
r 7.95 -0.67 0.29 90 0 0
r 2.62 1.44 3.95 -90 0 0
r 5.73 2.52 -0.62 -90 0 0
r -5.57 -2.36 -0.76 90 0 0
r -6.29 2.5 0.13 -90 0 0
r -2.48 -2.63 -0.89 90 0 0
r -5.69 0.76 0.14 -90 0 0
r -6.96 -0.29 -1.17 90 0 0
r 4.93 -3.38 -0.25 90 0 0
r -5.97 -1.03 1.14 90 0 0
r -0.51 -0.51 -4.61 90 0 0
r 1.34 0.21 0.24 -90 0 0
r -5.48 -0.75 -0.57 90 0 0
r -6.11 -2.61 0.07 90 0 0
r -8.3 -0.16 0.17 90 0 0
r -8.89 -0.06 -0.05 90 0 0
r -5.72 1.17 -0.08 -90 0 0
r -7.86 1.11 0.03 -90 0 0
r -8.85 -0.04 0.05 90 0 0
r 5.82 1.24 -1.39 -90 0 0
r -0.14 -5.63 0.01 90 0 0
r 3.37 -1.73 2.99 90 0 0
r -0.33 6.97 1.22 -90 0 0
r -2.52 1.1 -2.96 -90 0 0
r 8.71 0.21 -0.02 -90 0 0
r -5.08 3.03 -0.57 -90 0 0
r 4.64 1.51 2.41 -90 0 0
r -0.23 0.94 -2.45 -90 0 0
r -0.29 -3.99 -2.4 90 0 0
r -6.43 -1.1 -0.84 90 0 0
r -3.43 1.95 2.39 -90 0 0
r 4.12 3.65 0.71 -90 0 0
r 8.67 -0.04 -0.24 90 0 0
r 5.28 1.42 0.6 -90 0 0
r 3.54 -1.51 -1.95 90 0 0
r 0.16 -7.57 -0.19 90 0 0
r 0.4 6.15 -1.73 -90 0 0
r -1.14 2.91 -3.34 -90 0 0
r 8.38 0.47 -0.09 -90 0 0
r 8.19 -0.31 0.39 90 0 0
r -2.58 -5.2 -0.9 90 0 0
r -3.42 -4.35 -0.67 90 0 0
r 6.19 -0.89 0.7 90 0 0
r -4.32 2.98 -1.61 -90 0 0
r -6.89 -0.75 1.08 90 0 0
r 8.35 -0.02 -0.29 90 0 0
r 4.36 2.88 -0.03 -90 0 0
r 1.28 4.69 2.63 -90 0 0
r -0.12 -0.92 -1.79 90 0 0
r 4.16 -4.72 -0.12 90 0 0
r 8.28 -0.5 0.14 90 0 0
r -7.39 -1.27 0.34 90 0 0
r -7.75 0.7 -0.22 -90 0 0
r -8.35 -0.18 -0.06 90 0 0
r -4.75 -1.78 0.2 90 0 0
r 7.06 -0.08 1.34 90 0 0
r 2.4 0.01 0.6 -90 0 0
r -6.53 2.3 0.14 -90 0 0
r 6.46 -0.79 0.28 90 0 0
r -8.34 0.08 -0.13 -90 0 0
r -4.79 -0.88 -2.9 90 0 0
r 0.17 2.47 1.12 -90 0 0
r 1.34 4.78 -2.21 -90 0 0
r 2.07 -6.63 -0.19 90 0 0
r -7.06 0.13 -0.5 -90 0 0
r -6.85 0.17 -1.62 -90 0 0
r 2.38 6.26 -0.19 -90 0 0
r 2.98 0.05 -5.31 -90 0 0
r -1.18 6.04 -0.49 -90 0 0
r 0.03 8.44 0.06 -90 0 0
r -4.26 0.9 3.59 -90 0 0
r -7.34 -0.27 -1.35 90 0 0
r 1.52 4.32 -1.12 -90 0 0
r 6.16 -0.91 1.05 90 0 0
r -6.81 -0.91 -0.85 90 0 0
r -3.97 1.43 1.35 -90 0 0
r -1.33 6.24 0.08 -90 0 0
r -5.12 2.08 0.03 -90 0 0
r 7.69 0.26 -0.21 -90 0 0
r 8.48 0.1 0.3 -90 0 0
r 2.06 -0.93 5.1 90 0 0
r -0.74 1.4 0.19 -90 0 0
r 5.76 -2.75 -0.42 90 0 0
r -8.85 0.12 -0.02 -90 0 0
r -7.89 0.63 -0.24 -90 0 0
r -5.7 1.79 -0.17 -90 0 0
r -5.35 -1.5 0.12 90 0 0
r -2.69 -0.27 3.09 90 0 0
r 3.94 0.12 0.81 -90 0 0
r -1.44 2.1 -4.28 -90 0 0
r -3.13 -2.65 2.66 90 0 0
r -2.25 -2.39 -3.17 90 0 0
r -7.49 -0.95 -0.49 90 0 0
r 7.75 -1.08 -0.04 90 0 0
r 1.05 -3.84 0.63 90 0 0
r -6.95 0.94 0.1 -90 0 0
r -0.68 5.03 2.35 -90 0 0
r 8.41 -0.35 -0.18 90 0 0
r 0.4 -0.47 -1.88 90 0 0
r 2.32 -6.08 0.59 90 0 0
r 0.8 1.89 4.09 -90 0 0
r -6.36 -1.76 -0.17 90 0 0
r -7.12 -1.71 -0.1 90 0 0
r -1.74 -4.4 -2.5 90 0 0
r -2.43 1.98 -4.32 -90 0 0
r 8.33 -0.04 -0.4 90 0 0
r -6.67 -0.43 1.55 90 0 0
r 7.36 -0.34 0.76 90 0 0
r 7.88 -0.49 0.39 90 0 0
r 4.76 -0.14 -1.77 90 0 0
r -7.6 0.22 0.99 -90 0 0
r -2.12 5.81 -0.12 -90 0 0
r 3.93 -1.85 1.95 90 0 0
r 2.55 4.88 0.21 -90 0 0
r -7.17 0.62 -0.92 -90 0 0
r 1.76 -2.61 -2.96 90 0 0
r 7.79 -0.4 0.05 90 0 0
r 0.22 6.29 0.61 -90 0 0
r 2.5 -2.42 -1.03 90 0 0
r -3.98 4.12 0.76 -90 0 0
r -1.85 -4.47 -0.59 90 0 0
r -7.12 -1.25 0.11 90 0 0
r -1.21 4.35 1.43 -90 0 0
r 0.39 -4.26 -2.25 90 0 0
r -1.09 -1.05 -5.07 90 0 0
r -1.97 5.33 1.33 -90 0 0
r -2.79 5.84 -0.2 -90 0 0
r -6.01 1.53 -0.41 -90 0 0
r 7.72 0.03 0.3 -90 0 0
r -6.07 2.38 0.31 -90 0 0
r 5.45 -3.11 0.03 90 0 0
r -4.87 -3.42 0.69 90 0 0
r 0.22 -0.27 -1.89 90 0 0
r 8.61 -0.22 -0.05 90 0 0
r -8.78 0.11 0.0 -90 0 0
r 6.25 2.19 0.31 -90 0 0
r 1.1 4.91 -1.65 -90 0 0
r -2.31 -3.57 -3.02 90 0 0
r 6.6 1.06 -1.1 -90 0 0
r -3.12 -4.24 1.26 90 0 0
r -8.45 -0.53 -0.01 90 0 0
r -7.53 0.38 0.26 -90 0 0
r 3.03 0.98 -1.95 -90 0 0
r -2.01 5.41 -0.35 -90 0 0
r -5.96 0.54 0.61 -90 0 0
r 8.01 -0.05 0.0 90 0 0
r -2.76 4.93 -0.21 -90 0 0
r 0.23 -1.98 -0.38 90 0 0
r -3.13 2.91 -2.27 -90 0 0
r 4.62 -3.17 0.45 90 0 0
r 5.86 0.46 -0.14 -90 0 0
r 8.83 -0.14 0.0 90 0 0
r -6.38 2.0 -0.04 -90 0 0
r -2.64 -4.75 0.14 90 0 0
r 3.12 5.52 -0.12 -90 0 0
r -0.5 8.09 -0.08 -90 0 0
r 2.22 -6.23 -0.27 90 0 0
r 3.15 2.81 2.45 -90 0 0
r 6.5 -2.17 -0.12 90 0 0
r -8.49 0.11 -0.32 -90 0 0
r 3.1 -3.7 -0.18 90 0 0
r 6.41 0.8 -0.67 -90 0 0
r 7.32 -1.11 -0.47 90 0 0
r 6.46 -0.61 1.71 90 0 0
r 4.94 1.52 -0.5 -90 0 0
r 2.72 3.43 -0.49 -90 0 0
r -8.43 0.28 0.11 -90 0 0
r 7.92 0.68 -0.11 -90 0 0
r -2.18 3.87 1.86 -90 0 0
r -3.09 -1.7 3.01 90 0 0
r 3.3 -4.07 1.55 90 0 0
r 3.59 -5.17 -0.23 90 0 0
r 5.31 -1.12 -0.56 90 0 0
r -4.15 1.27 2.85 -90 0 0
r -6.42 -1.78 -0.57 90 0 0
r -6.95 1.38 -0.13 -90 0 0
r 1.99 3.0 -2.49 -90 0 0
r -2.18 2.12 -4.57 -90 0 0
r 1.59 -6.15 -0.87 90 0 0
r 5.84 -1.65 -0.77 90 0 0
r 5.98 1.24 -0.05 -90 0 0
r -4.32 4.27 0.02 -90 0 0
r 8.78 -0.11 -0.02 90 0 0
r -1.31 5.28 1.1 -90 0 0
r 0.84 -3.3 -0.24 90 0 0
r 1.07 -4.73 3.01 90 0 0
r -1.59 -7.02 0.36 90 0 0
r -2.46 -3.18 -2.42 90 0 0
r 2.74 2.79 -3.07 -90 0 0
r -1.53 -4.56 -0.68 90 0 0
r 0.74 7.04 0.06 -90 0 0
r 7.18 -0.78 -0.99 90 0 0
r -0.93 -7.05 0.55 90 0 0
r 3.84 -0.49 -1.47 90 0 0
r -6.65 -1.34 0.64 90 0 0
r -3.96 1.38 -1.3 -90 0 0
r -1.97 -2.43 -3.02 90 0 0
r -5.6 1.86 -0.07 -90 0 0
r -2.8 0.35 -2.72 -90 0 0
r 4.62 1.56 2.41 -90 0 0
r -2.84 -2.45 3.58 90 0 0
r 7.16 -1.57 0.23 90 0 0
r 4.34 0.1 -2.72 -90 0 0
r -7.02 1.42 -0.11 -90 0 0
r 5.38 2.97 -0.48 -90 0 0
r 2.85 5.66 -0.43 -90 0 0
r 4.68 1.24 2.72 -90 0 0
r 7.09 1.23 -0.64 -90 0 0
r -8.55 0.25 0.02 -90 0 0
r 4.83 2.39 1.75 -90 0 0
r 0.65 4.0 -1.79 -90 0 0
r -2.08 6.18 -0.45 -90 0 0
r 6.53 -0.49 -1.65 90 0 0
r 5.77 2.66 0.31 -90 0 0
r -6.28 -2.42 0.3 90 0 0
r 7.96 -0.45 -0.46 90 0 0
r -4.04 4.3 -0.24 -90 0 0
r -5.92 2.24 0.0 -90 0 0
r -6.7 -1.53 -0.39 90 0 0
r 6.1 2.64 0.2 -90 0 0
r -1.64 -5.1 1.91 90 0 0
r -8.76 0.08 0.14 -90 0 0
r -6.35 0.6 -1.68 -90 0 0
r 3.02 5.44 0.33 -90 0 0
r -2.73 1.52 2.75 -90 0 0
r -0.57 6.61 -1.36 -90 0 0
r -7.74 -0.58 -0.54 90 0 0
r -3.44 -4.67 -0.24 90 0 0
r -3.09 1.51 -2.63 -90 0 0
r 5.45 -0.99 -0.1 90 0 0
r 4.14 3.63 0.0 -90 0 0
r 3.95 -2.21 0.76 90 0 0
r 6.19 0.41 0.97 -90 0 0
r 2.31 -4.55 1.43 90 0 0
r 5.12 -2.55 -0.97 90 0 0
r 0.98 -3.92 0.25 90 0 0
r 8.18 0.27 0.3 -90 0 0
r 6.73 0.69 -0.09 -90 0 0
r 7.11 0.52 0.01 -90 0 0
r -0.26 -6.19 2.15 90 0 0
r 0.03 -4.6 3.62 90 0 0
r -5.73 3.12 -0.03 -90 0 0
r -3.89 3.05 -0.47 -90 0 0
r 5.19 2.65 -0.89 -90 0 0
r -1.09 -3.88 3.1 90 0 0
r 8.88 -0.01 0.07 90 0 0
r 2.01 -3.76 -1.08 90 0 0
r -0.82 -5.78 -0.15 90 0 0
r -2.33 5.2 0.35 -90 0 0
r -4.62 -3.7 -0.6 90 0 0
r -1.54 6.32 0.1 -90 0 0
r 6.22 -2.72 -0.02 90 0 0
r -7.0 -0.96 -0.92 90 0 0
r -3.06 1.92 -3.82 -90 0 0
r 8.78 -0.21 0.01 90 0 0
r 4.15 -1.25 3.15 90 0 0
r -5.3 2.41 0.54 -90 0 0
r 6.87 -0.99 -0.8 90 0 0
r 2.34 4.85 0.44 -90 0 0
r 6.7 1.17 -0.53 -90 0 0
r -5.91 0.14 2.85 -90 0 0
r 8.83 -0.06 -0.1 90 0 0
r 6.58 -1.96 0.2 90 0 0
r -6.58 -1.64 0.62 90 0 0
r -6.12 1.89 -0.61 -90 0 0
r 8.28 -0.19 0.31 90 0 0
r -3.98 4.31 0.05 -90 0 0
r 4.61 3.24 0.36 -90 0 0
r 7.38 -0.89 0.01 90 0 0
r -6.6 1.61 -0.56 -90 0 0
r 2.56 4.73 -1.58 -90 0 0
r 5.75 2.76 0.33 -90 0 0
r -6.87 -1.62 -0.49 90 0 0
r -3.43 0.54 -1.78 -90 0 0
r -3.62 -1.9 0.84 90 0 0
r -1.34 5.04 1.54 -90 0 0
r 0.7 -7.7 -0.55 90 0 0
r -6.43 -2.02 -0.3 90 0 0
r 6.28 0.29 -0.24 -90 0 0
r -5.18 0.39 2.81 -90 0 0
r -4.86 -2.8 0.2 90 0 0
r -1.09 -1.67 -4.96 90 0 0
r -0.75 -0.24 6.83 90 0 0
r -3.26 -2.6 0.88 90 0 0
r -7.44 -0.71 -0.58 90 0 0
r 4.44 3.2 -0.56 -90 0 0
r 5.57 -0.15 2.64 90 0 0
r -1.24 4.53 -2.33 -90 0 0
r 7.94 0.6 -0.07 -90 0 0
r -6.32 -1.64 -0.42 90 0 0
r 7.66 0.35 0.15 -90 0 0
r 6.65 0.47 1.69 -90 0 0
r -0.62 4.81 0.62 -90 0 0
r 8.13 0.05 -0.4 -90 0 0
r 8.72 -0.07 -0.15 90 0 0
r 3.82 0.69 -0.64 -90 0 0
r -6.25 0.04 -1.22 -90 0 0
r -3.03 3.28 0.49 -90 0 0
r -6.09 1.32 0.82 -90 0 0
r 2.49 2.19 -0.61 -90 0 0
r 8.09 -0.38 0.04 90 0 0
r 0.28 4.99 0.31 -90 0 0
r -7.65 -0.05 -0.1 90 0 0
r -2.31 -1.9 -0.73 90 0 0
r 2.7 -2.59 -2.26 90 0 0
r -7.19 1.5 0.09 -90 0 0
r 4.41 4.35 0.09 -90 0 0
r 2.72 -1.38 -0.32 90 0 0
r 4.92 3.21 -0.18 -90 0 0
r 4.36 -2.74 -0.1 90 0 0
r 0.92 -4.04 -0.27 90 0 0
r -2.71 0.49 2.5 -90 0 0
r -6.06 0.26 -0.02 -90 0 0
r 6.13 1.49 0.01 -90 0 0
r -7.26 -1.44 -0.16 90 0 0
r 4.63 3.27 -0.6 -90 0 0
r -1.14 -7.7 -0.04 90 0 0
r -6.51 -0.49 1.25 90 0 0
r -6.07 -0.98 -1.76 90 0 0
r 8.3 0.48 0.15 -90 0 0
r 3.99 -4.13 -0.26 90 0 0
r -7.46 -0.53 0.69 90 0 0
r 1.7 -2.74 0.52 90 0 0
r 4.92 2.21 0.94 -90 0 0
r -3.93 1.52 0.43 -90 0 0
r -1.5 -3.6 2.84 90 0 0
r 1.24 -1.62 4.72 90 0 0
r 4.16 0.07 4.68 -90 0 0
r 0.78 -7.04 0.02 90 0 0
r 4.16 2.82 -1.97 -90 0 0
r -8.74 0.23 -0.01 -90 0 0
r -2.55 -5.32 -0.36 90 0 0
r 8.08 0.84 -0.05 -90 0 0
r 5.54 -3.07 -0.21 90 0 0
r 7.58 0.99 -0.1 -90 0 0
r 8.67 0.09 -0.02 -90 0 0
r 5.49 3.37 -0.05 -90 0 0
r 4.53 1.38 1.82 -90 0 0
r 8.23 -0.11 0.07 90 0 0
r 0.19 1.9 -1.41 -90 0 0
r 2.81 3.85 -0.86 -90 0 0
r -1.21 -4.31 -1.83 90 0 0
r 5.84 2.03 -0.55 -90 0 0
r 1.97 3.36 3.6 -90 0 0
r 6.77 -0.02 -1.43 90 0 0
r 7.85 1.04 -0.01 -90 0 0
r 2.62 -1.01 1.25 90 0 0
r -3.0 -3.33 -1.83 90 0 0
r -8.24 0.67 0.03 -90 0 0
r -3.91 0.09 -4.72 -90 0 0
r -5.41 3.2 -0.15 -90 0 0
r -6.62 0.28 -1.21 -90 0 0
r -8.15 0.82 -0.02 -90 0 0
r -2.83 -3.31 1.06 90 0 0
r -4.87 -4.0 -0.06 90 0 0
r -8.1 -0.07 -0.34 90 0 0
r 2.84 4.71 -0.8 -90 0 0
r 6.03 -1.74 0.27 90 0 0
r 3.53 1.84 2.64 -90 0 0
r 1.81 1.23 -4.13 -90 0 0
r -0.59 2.27 1.19 -90 0 0
r 6.38 -0.03 1.21 90 0 0
r -5.04 -2.6 -0.16 90 0 0
r 0.14 2.89 2.56 -90 0 0
r -0.8 -3.29 2.37 90 0 0
r 3.16 -1.81 -1.39 90 0 0
r 6.8 0.3 -0.99 -90 0 0
r 5.99 0.26 0.2 -90 0 0
r 6.19 0.06 1.85 -90 0 0
r -7.37 -1.52 0.1 90 0 0
r 4.25 -1.15 2.05 90 0 0
r 2.52 1.5 -3.18 -90 0 0
r 4.1 1.66 1.7 -90 0 0
r -8.75 0.04 -0.11 -90 0 0
r -0.09 -2.65 -4.09 90 0 0
r -8.26 0.68 0.04 -90 0 0
r -2.57 -1.62 1.83 90 0 0
r 0.29 -4.66 -0.8 90 0 0
r -3.08 -4.45 -0.07 90 0 0
r 8.35 -0.33 0.13 90 0 0
r 1.45 -6.12 -0.19 90 0 0
r -1.08 0.42 -4.7 -90 0 0
r -3.67 -1.12 1.56 90 0 0
r 3.24 4.38 -0.08 -90 0 0
r -3.47 -2.34 -1.79 90 0 0
r -6.2 -1.26 1.11 90 0 0
r 5.24 1.81 -0.26 -90 0 0
r -6.24 1.41 0.42 -90 0 0
r -0.66 6.49 0.15 -90 0 0
r -6.04 0.39 1.03 -90 0 0
r 6.19 -2.65 0.11 90 0 0
r -7.74 -0.68 -0.1 90 0 0
r 6.54 1.62 -0.38 -90 0 0
r -1.34 -5.07 -1.34 90 0 0
r -2.41 -4.19 -0.63 90 0 0
r 5.26 3.18 -0.29 -90 0 0
r 4.32 2.2 2.13 -90 0 0
r -2.63 -2.25 -2.4 90 0 0
r 0.0 2.3 -4.73 -90 0 0
r 3.01 5.14 0.11 -90 0 0
r 1.93 0.11 1.48 -90 0 0
r -5.19 -3.54 0.16 90 0 0
r 1.1 -2.66 -0.84 90 0 0
r -7.19 1.18 -0.53 -90 0 0
r 6.56 -0.55 -0.17 90 0 0
r 2.67 1.09 4.97 -90 0 0
r -3.66 -3.83 -1.27 90 0 0
r 2.36 -5.32 -0.45 90 0 0
r -4.33 -1.05 1.73 90 0 0
r 2.33 -5.88 -0.33 90 0 0
r 3.04 5.35 -0.35 -90 0 0
r 6.77 -0.07 -0.41 90 0 0
r 3.07 -2.53 1.2 90 0 0
r -7.92 -0.07 -0.13 90 0 0
r 0.23 5.78 -2.63 -90 0 0
r 6.38 1.16 1.45 -90 0 0
r -8.35 -0.59 0.01 90 0 0
r 6.08 2.33 0.36 -90 0 0
r -2.98 -3.69 0.9 90 0 0
r -8.9 0.05 -0.03 -90 0 0
r -4.35 1.46 -3.07 -90 0 0
r -3.2 1.06 -1.19 -90 0 0
r 3.35 2.11 0.46 -90 0 0
r 6.29 -1.64 -0.67 90 0 0
r 7.22 -1.09 -0.18 90 0 0
r 1.23 -0.9 4.81 90 0 0
r 0.82 7.25 0.01 -90 0 0
r 3.26 -3.93 -0.47 90 0 0
r 0.29 -0.85 1.92 90 0 0
r -6.12 -0.27 -2.38 90 0 0
r -0.57 -2.23 -4.74 90 0 0
r 4.62 1.31 -0.78 -90 0 0
r -4.34 -2.1 -1.58 90 0 0
r 1.05 -7.48 0.13 90 0 0
r 3.69 -4.76 0.47 90 0 0
r 0.02 6.29 -0.63 -90 0 0
r 8.33 -0.42 0.13 90 0 0
r -7.77 0.5 -0.55 -90 0 0
r -1.35 -5.85 -0.58 90 0 0
r -8.37 -0.6 -0.01 90 0 0
r -6.49 -2.3 0.01 90 0 0
r -3.17 5.26 -0.19 -90 0 0
r -8.38 -0.56 0.03 90 0 0
r 8.0 -0.11 0.49 90 0 0
r 6.57 1.34 -0.11 -90 0 0
r -0.46 -8.11 -0.22 90 0 0
r 1.45 -5.07 1.17 90 0 0
r 3.45 4.43 0.5 -90 0 0
r 8.66 -0.3 0.03 90 0 0
r 2.59 -4.81 0.47 90 0 0
r 6.55 0.54 -1.4 -90 0 0
r 3.25 0.79 0.07 -90 0 0
r -5.95 -0.47 0.63 90 0 0
r -0.67 -2.2 5.26 90 0 0
r 2.3 -2.94 3.39 90 0 0
r 0.51 7.05 -0.28 -90 0 0
r 5.6 -3.12 0.06 90 0 0
r 6.71 -1.79 0.11 90 0 0
r 7.66 0.86 0.1 -90 0 0
r -8.37 -0.52 -0.08 90 0 0
r 6.47 -0.58 1.52 90 0 0
r -4.19 -4.59 0.18 90 0 0
r -8.1 0.41 -0.31 -90 0 0
r -7.04 0.46 0.35 -90 0 0
r -8.27 0.52 0.07 -90 0 0
r -2.4 -3.39 1.11 90 0 0
r -4.67 -0.24 -3.93 90 0 0
r -4.32 -3.12 -1.02 90 0 0
r -4.57 -2.65 -1.08 90 0 0
r -8.9 0.04 0.01 -90 0 0
r -4.93 1.82 -2.0 -90 0 0
r 1.92 4.19 -2.27 -90 0 0
r -6.64 -0.13 -2.04 90 0 0
r -2.07 -5.96 -0.26 90 0 0
r -8.1 -0.28 0.59 90 0 0
r 1.98 -6.72 0.29 90 0 0
r 4.8 -1.13 -0.5 90 0 0
r 3.82 4.92 -0.13 -90 0 0
r -7.6 0.2 0.96 -90 0 0
r 5.13 -2.83 -0.34 90 0 0
r 1.01 -7.55 -0.34 90 0 0
r 2.42 -0.07 -2.73 90 0 0
r -4.09 0.15 -0.84 -90 0 0
r -5.56 -1.25 -2.13 90 0 0
r -4.31 0.01 3.15 -90 0 0
r 6.07 -0.72 -1.33 90 0 0
r -3.49 -4.19 0.42 90 0 0
r 3.43 -3.17 1.57 90 0 0
r -7.53 -1.19 -0.13 90 0 0
r 7.51 -0.32 0.66 90 0 0
r 1.44 5.91 0.68 -90 0 0
r 5.89 -2.2 -0.05 90 0 0
r 1.34 2.72 -1.93 -90 0 0
r 1.45 -6.5 0.52 90 0 0
r -4.48 -1.01 1.89 90 0 0
r -6.18 -0.23 -1.11 90 0 0
r 5.61 0.18 3.1 -90 0 0
r -3.71 4.27 0.52 -90 0 0
r 7.01 0.08 1.61 -90 0 0
r -2.73 -0.14 -4.38 90 0 0
r -1.75 -0.4 6.69 90 0 0
r 1.21 2.43 3.38 -90 0 0
r 5.38 -1.82 -0.99 90 0 0
r -3.54 -3.8 -0.05 90 0 0
r -5.72 0.1 -1.0 -90 0 0
r 5.91 0.51 -1.06 -90 0 0
r 6.46 0.65 1.77 -90 0 0
r 3.3 -2.55 2.97 90 0 0
r -4.57 3.82 -0.51 -90 0 0
r -0.17 1.22 -7.25 -90 0 0
r -3.68 -3.69 -0.32 90 0 0
r -7.18 -0.87 -0.13 90 0 0
r 5.75 2.98 -0.05 -90 0 0
r 1.66 -6.17 -0.47 90 0 0
r -2.99 -1.22 -1.65 90 0 0
r 0.01 -5.62 -0.84 90 0 0
r -8.21 0.31 -0.03 -90 0 0
r 4.28 -2.62 0.79 90 0 0
r 8.17 -0.47 -0.23 90 0 0
r 2.23 1.96 -1.84 -90 0 0
r -5.9 -0.45 -0.37 90 0 0
r -7.04 0.16 0.94 -90 0 0
r 2.29 4.23 0.08 -90 0 0
r -6.25 -1.13 0.54 90 0 0
r 3.25 -0.44 0.68 90 0 0
r -3.55 1.54 2.77 -90 0 0
r -8.66 0.25 0.01 -90 0 0
r 2.85 -5.86 0.24 90 0 0
r 5.82 0.7 0.51 -90 0 0
r -1.33 -1.38 4.63 90 0 0
r 5.01 -2.73 -0.17 90 0 0
r -7.2 -1.53 -0.05 90 0 0
r -8.77 0.14 -0.05 -90 0 0
r -2.45 5.38 0.96 -90 0 0
r 8.75 -0.07 -0.06 90 0 0
r 6.39 0.88 -0.02 -90 0 0
r 2.59 -4.66 0.95 90 0 0
r -4.78 0.9 2.12 -90 0 0
r -7.51 1.12 0.34 -90 0 0
r 1.66 1.02 -4.67 -90 0 0
r -7.82 -0.31 0.58 90 0 0
r -8.74 -0.07 0.17 90 0 0
r -6.84 0.0 -0.82 0 0 0
r -3.5 -1.41 -0.03 90 0 0
r 8.16 -0.31 0.3 90 0 0
r -7.03 1.02 0.94 -90 0 0
r 3.27 0.01 5.24 -90 0 0
r 7.71 0.39 -0.08 -90 0 0
r -4.61 2.51 1.57 -90 0 0
r -1.73 2.88 -0.27 -90 0 0
r 1.66 4.27 -0.89 -90 0 0
r -2.24 -0.14 -1.13 90 0 0
r -6.01 -0.22 2.53 90 0 0
r -2.85 -5.09 -0.58 90 0 0
r 0.23 4.87 -3.68 -90 0 0
r -7.2 -0.57 -0.3 90 0 0
r 8.26 0.65 0.03 -90 0 0
r 1.79 6.13 0.54 -90 0 0
r 3.53 3.09 1.99 -90 0 0
r -1.3 -1.73 -5.22 90 0 0
r -2.45 4.85 -1.17 -90 0 0
r -4.75 1.82 1.07 -90 0 0
r -4.82 3.41 0.29 -90 0 0
r 3.27 0.45 2.58 -90 0 0
r -5.57 1.35 -1.15 -90 0 0
r -5.65 1.88 -1.01 -90 0 0
r -2.5 -3.76 1.09 90 0 0
r 7.88 1.02 0.04 -90 0 0
r -4.61 -1.87 2.39 90 0 0
r 0.62 3.35 3.73 -90 0 0
r -3.38 1.34 2.61 -90 0 0
r 4.99 0.57 2.79 -90 0 0
r 8.61 0.12 0.15 -90 0 0
r 3.76 4.19 0.1 -90 0 0
r 5.4 1.23 -0.54 -90 0 0
r 0.66 -4.46 2.44 90 0 0
r 1.93 5.96 -0.56 -90 0 0
r -4.58 3.91 0.33 -90 0 0
r -8.72 -0.19 0.01 90 0 0
r 1.81 -3.06 2.96 90 0 0
r -6.9 -2.03 -0.06 90 0 0
r 4.37 -1.93 -0.14 90 0 0
r 3.22 -2.86 -0.47 90 0 0
r -0.6 8.19 0.19 -90 0 0
r -3.37 0.21 -0.05 -90 0 0
r 7.48 0.66 -0.61 -90 0 0
r 0.25 -2.99 -5.63 90 0 0
r 5.64 -1.81 -0.29 90 0 0
r -0.46 -3.22 0.04 90 0 0
r -0.88 4.73 3.26 -90 0 0
r -3.48 1.08 1.34 -90 0 0
r 7.65 1.06 -0.02 -90 0 0
r -4.02 -0.89 -1.42 90 0 0
r -3.93 4.2 -0.68 -90 0 0
r 5.79 0.22 1.78 -90 0 0
r 2.26 6.4 0.14 -90 0 0
r 8.76 -0.24 0.0 90 0 0
r 8.09 -0.64 -0.04 90 0 0
r 6.01 1.67 -1.04 -90 0 0
r -3.14 5.33 -0.5 -90 0 0
r 1.38 4.01 0.53 -90 0 0
r 4.37 -3.9 0.39 90 0 0
r 2.4 5.65 -0.6 -90 0 0
r -0.52 0.36 3.17 -90 0 0
r -7.67 0.81 -0.26 -90 0 0
r -5.39 -2.82 -0.62 90 0 0
r -2.27 -2.73 2.42 90 0 0
r -3.38 0.75 4.09 -90 0 0
r 3.89 -0.28 2.67 90 0 0
r -6.17 -1.08 -1.18 90 0 0
r 1.8 -0.22 4.62 90 0 0
r -1.11 -0.41 -1.47 90 0 0
r -5.62 -0.17 1.14 90 0 0
r 4.52 2.5 -1.74 -90 0 0
r 2.32 3.91 0.24 -90 0 0
r 3.06 -1.2 0.9 90 0 0
r 6.27 -1.43 1.15 90 0 0
r -2.58 -3.24 -0.23 90 0 0
r -8.34 -0.62 -0.03 90 0 0
r -6.2 2.33 -0.41 -90 0 0
r 8.7 0.07 0.21 -90 0 0
r -3.03 -4.51 0.78 90 0 0
r -5.09 3.5 -0.34 -90 0 0
r 6.47 -0.76 -1.29 90 0 0
r 3.8 -1.89 -3.03 90 0 0
r -7.86 -0.51 0.49 90 0 0
r 7.43 -0.53 -0.32 90 0 0
r -4.82 -2.33 -0.19 90 0 0
r 7.22 1.2 0.01 -90 0 0
r 7.42 0.85 -0.68 -90 0 0
r -7.58 1.34 -0.01 -90 0 0
r 2.04 -0.19 -0.78 90 0 0
r 3.75 4.39 -0.17 -90 0 0
r -8.24 -0.45 -0.24 90 0 0
r -2.02 -2.09 1.02 90 0 0
