r -2.25 5.23 1.32 10 0 0
r 0.59 -2.91 -1.58 10 0 0
r -0.54 1.68 4.9 10 0 0
r 0.5 6.35 1.33 10 0 0
r 5.39 -0.53 -0.02 10 0 0
r -4.66 -3.11 -0.73 10 0 0
r -2.63 -0.37 -0.4 10 0 0
r 0.0 -0.58 -1.02 10 0 0
r -0.43 -0.03 3.64 10 0 0
r 5.01 1.94 -1.33 10 0 0
r 5.25 0.8 1.88 10 0 0
r -1.09 -3.87 -0.31 10 0 0
r -0.89 -3.21 -1.94 10 0 0
r -3.74 -4.35 0.13 10 0 0
r -2.92 -4.71 1.13 10 0 0
r 1.69 3.69 0.52 10 0 0
r -3.75 -2.52 -0.48 10 0 0
r -0.57 4.8 2.26 10 0 0
r -1.83 1.56 -1.88 10 0 0
r 1.21 -0.44 6.09 10 0 0
r -1.07 3.95 -2.09 10 0 0
r -1.45 2.54 -1.59 10 0 0
r 1.69 -3.4 0.35 10 0 0
r 0.14 -3.97 2.35 10 0 0
r -1.77 3.32 3.33 10 0 0
r 2.52 1.54 4.08 10 0 0
r 4.71 -2.08 1.22 10 0 0
r -1.72 1.76 2.17 10 0 0
r 0.07 -3.03 -1.66 10 0 0
r -4.51 -2.87 -0.7 10 0 0
r 3.39 -4.62 -0.86 10 0 0
r 4.28 1.13 0.2 10 0 0
r -3.71 2.28 2.89 10 0 0
r 2.37 -4.91 -0.45 10 0 0
r 2.63 -2.47 1.88 10 0 0
r -3.32 0.65 -0.83 10 0 0
r 2.0 3.49 -0.45 10 0 0
r -0.48 -3.27 -3.42 10 0 0
r 2.27 0.73 2.71 10 0 0
r 2.68 -3.19 1.68 10 0 0
r -0.52 3.51 3.13 10 0 0
r 1.53 -5.15 -0.34 10 0 0
r -4.28 3.58 0.71 10 0 0
r 2.31 -0.9 3.36 10 0 0
r -2.44 -0.27 -0.39 10 0 0
r 1.91 0.13 0.7 10 0 0
r 1.15 0.15 -1.03 10 0 0
r 2.67 -2.6 1.39 10 0 0
r 0.33 -3.93 -0.27 10 0 0
r 2.45 1.54 1.8 10 0 0
r -1.13 -0.68 -2.29 10 0 0
r 2.23 -5.94 -0.45 10 0 0
r -0.06 5.48 -0.1 10 0 0
r -2.99 4.18 -1.41 10 0 0
r -1.89 5.09 -1.66 10 0 0
r 5.39 -0.66 0.79 10 0 0
r -3.38 4.55 -0.54 10 0 0
r 4.01 3.03 -0.91 10 0 0
r -4.1 3.4 0.97 10 0 0
r -2.81 0.21 -1.52 10 0 0
r 1.44 -2.34 -0.85 10 0 0
r 3.65 2.55 1.37 10 0 0
r -3.18 -4.6 0.7 10 0 0
r 1.89 -4.44 2.33 10 0 0
r 4.16 2.68 0.12 10 0 0
r 1.96 -1.69 0.69 10 0 0
r 0.75 -3.11 4.93 10 0 0
r 3.02 -4.51 1.12 10 0 0
r 2.74 0.1 5.47 10 0 0
r -1.69 1.36 4.31 10 0 0
r -4.09 -3.49 0.39 10 0 0
r -2.12 5.15 -0.28 10 0 0
r 0.37 4.47 3.09 10 0 0
r -1.51 0.98 5.44 10 0 0
r 0.14 -3.41 4.98 10 0 0
r 5.01 0.11 1.76 10 0 0
r 0.84 -1.62 1.01 10 0 0
r 3.76 -0.39 -2.2 10 0 0
r -1.35 1.51 1.89 10 0 0
r 4.76 3.4 -0.42 10 0 0
r 0.41 -2.07 -2.32 10 0 0
r -0.41 -5.78 -1.0 10 0 0
r -0.18 1.36 4.94 10 0 0
r 1.5 5.49 -0.6 10 0 0
r 4.13 2.19 1.76 10 0 0
r 1.99 -4.2 -1.05 10 0 0
r 1.07 -4.54 2.3 10 0 0
r -1.73 1.88 2.63 10 0 0
r 3.26 -2.09 -3.06 10 0 0
r 1.54 1.96 2.06 10 0 0
r 3.42 0.4 -1.34 10 0 0
r 3.37 1.91 -1.96 10 0 0
r 3.52 0.36 -3.4 10 0 0
r 5.26 -0.64 -0.67 10 0 0
r -4.17 -2.83 -1.49 10 0 0
r 4.17 -1.38 0.94 10 0 0
r 2.93 -2.86 2.31 10 0 0
r 3.06 5.17 0.18 10 0 0
r 1.26 -5.01 -0.79 10 0 0
r 2.05 5.02 -1.09 10 0 0
r -0.56 -0.59 -0.68 10 0 0
r 3.99 -1.96 1.8 10 0 0
r -4.49 1.99 1.68 10 0 0
r -3.38 -0.35 3.74 10 0 0
r -4.81 -0.87 2.98 10 0 0
r 0.9 0.21 2.82 10 0 0
r 2.49 -3.67 -1.38 10 0 0
r 1.6 -1.67 -3.69 10 0 0
r -1.2 1.25 2.84 10 0 0
r 4.2 -2.56 1.06 10 0 0
r -2.81 -2.13 -1.17 10 0 0
r -4.11 4.26 0.11 10 0 0
r 4.05 1.09 1.13 10 0 0
r -3.7 -3.26 1.22 10 0 0
r -1.68 -2.37 3.75 10 0 0
r 3.17 -3.41 0.98 10 0 0
r 5.36 -0.99 -0.65 10 0 0
r 4.17 -1.63 -2.03 10 0 0
r -2.58 -5.0 -1.11 10 0 0
r 2.3 -0.77 -0.79 10 0 0
r 1.78 -0.73 -1.84 10 0 0
r 1.94 -4.26 -0.24 10 0 0
r -0.16 -1.51 -3.32 10 0 0
r -3.52 3.27 1.38 10 0 0
r -2.76 -1.8 -3.55 10 0 0
r -2.74 -0.57 -2.35 10 0 0
r -2.93 -2.08 -1.81 10 0 0
r -5.99 1.3 -0.71 10 0 0
r 5.66 -1.52 0.23 10 0 0
r 1.8 2.3 -2.46 10 0 0
r -1.57 -0.75 3.16 10 0 0
r -1.77 2.58 2.03 10 0 0
r 4.51 -1.36 0.4 10 0 0
r 3.13 1.14 0.12 10 0 0
r 3.54 -3.77 -1.1 10 0 0
r 1.37 1.6 4.47 10 0 0
r 4.23 2.23 1.7 10 0 0
r 3.69 -0.81 1.75 10 0 0
r 4.0 -1.83 0.05 10 0 0
r -0.22 1.64 -3.6 10 0 0
r 0.26 6.37 1.01 10 0 0
r 3.29 0.84 0.21 10 0 0
r -3.05 -3.8 0.65 10 0 0
r -4.7 3.06 0.32 10 0 0
r 3.59 0.78 -2.69 10 0 0
r 4.67 -1.72 1.34 10 0 0
r 5.09 -1.13 2.06 10 0 0
r 2.16 -0.1 -2.12 10 0 0
r 0.88 -4.48 -2.68 10 0 0
r -1.28 -0.67 -1.13 10 0 0
r -4.03 2.39 -0.48 10 0 0
r 5.03 1.62 0.56 10 0 0
r -1.22 0.08 3.98 10 0 0
r -2.26 5.16 0.14 10 0 0
r -0.37 -6.02 1.48 10 0 0
r -2.81 -0.82 2.82 10 0 0
r -2.56 -4.89 -0.83 10 0 0
r 0.55 -5.33 -0.94 10 0 0
r 4.91 -1.56 2.43 10 0 0
r 0.27 -0.7 -4.32 10 0 0
r 1.86 3.32 -2.05 10 0 0
r 2.37 1.82 -0.68 10 0 0
r -1.87 -2.15 3.6 10 0 0
r 0.85 -5.29 1.24 10 0 0
r 1.64 2.69 4.13 10 0 0
r -0.96 -1.25 -3.48 10 0 0
r 4.59 2.05 1.75 10 0 0
r -3.52 -1.08 3.11 10 0 0
r 4.47 -1.3 0.57 10 0 0
r 2.33 -5.39 1.0 10 0 0
r 2.49 -3.84 0.71 10 0 0
r 0.62 -3.49 -0.41 10 0 0
r -0.48 2.58 3.81 10 0 0
r -2.01 3.12 3.0 10 0 0
r -1.1 -4.22 2.6 10 0 0
r 1.77 -4.56 -0.4 10 0 0
r -3.27 2.54 2.77 10 0 0
r -2.23 6.58 -0.02 10 0 0
r -2.26 1.94 -0.38 10 0 0
r -5.17 -2.34 -0.08 10 0 0
r -0.16 -0.29 -4.74 10 0 0
r -4.47 -2.96 -0.48 10 0 0
r -5.74 -0.29 -0.8 10 0 0
r 3.98 2.02 -1.63 10 0 0
r 1.37 5.88 -0.48 10 0 0
r 3.58 -2.69 2.25 10 0 0
r 5.89 -0.92 0.98 10 0 0
r 1.39 5.01 -0.39 10 0 0
r 1.6 1.18 2.4 10 0 0
r 1.43 2.44 4.62 10 0 0
r -5.91 2.31 0.41 10 0 0
r -3.07 -3.75 -0.83 10 0 0
r -4.7 3.52 0.45 10 0 0
r -4.21 3.0 0.1 10 0 0
r 0.33 -1.16 -3.23 10 0 0
r 4.65 1.96 -1.4 10 0 0
r -2.79 0.84 5.18 10 0 0
r 0.1 0.14 -3.51 10 0 0
r 2.56 -1.64 -3.87 10 0 0
r -0.25 -3.93 0.91 10 0 0